(27,(22,((2,(10,(56,(54,(26,29))))),((20,(((69,39),(6,70)),(46,55))),(((16,1),(63,45)),((((((78,((59,5),81)),((30,(36,7)),((38,60),((67,8),(19,(57,64)))))),(40,(12,50))),(((((((84,(74,90)),(91,(((82,93),(79,97)),((83,(88,(98,85))),(87,95))))),(89,94)),80),(71,(99,(92,96)))),((43,21),(66,51))),((((100,32),((86,76),(((28,(13,4)),(48,(0,(23,3)))),34))),(18,(65,(42,72)))),(62,(((52,11),(53,47)),(37,33)))))),35),(((61,(44,9)),15),(((58,((41,(31,25)),(49,17))),14),((24,68),(77,(75,73)))))))))));
(26,(29,((((1,56),(27,0)),(32,70)),(78,(((86,(((((79,((83,88),(98,85))),((97,(93,91)),87)),(84,(90,74))),(94,(89,(82,95)))),100)),(((73,77),75),(80,23))),((((96,((48,58),(((35,14),45),((12,50),((31,(41,49)),(25,17)))))),(((39,20),(6,69)),((60,38),(((64,57),(19,63)),(71,((9,((72,42),(65,18))),44)))))),(81,(76,30))),((((99,7),(40,((((52,((37,(11,62)),(47,53))),33),((((((28,(13,4)),66),((21,43),51)),((8,67),3)),(34,(59,(5,68)))),(46,55))),(36,54)))),(2,15,24)),((16,(22,61)),(92,10)))))))));
(14,((51,(66,(43,21))),(((58,(48,49)),(17,(41,(31,25)))),(35,(((((26,29),(15,2)),(20,(46,((6,55),(39,69))))),(((32,(63,(((54,70),(67,8)),19))),(64,57)),(((40,50),(12,10)),((((9,(28,(4,13))),(71,44)),22),((60,38),3))))),(61,((45,36),((24,(((76,(75,(73,77))),(81,86)),(78,(92,(99,96))))),((((80,100),(94,(65,(72,(42,18))))),((34,(0,((68,(16,1)),(59,5)))),((62,33),(((52,(47,53)),11),37)))),((23,((27,((90,(84,74)),((((((83,88),(93,82)),(98,85)),(95,91)),79),(87,97)))),89)),(30,(7,56))))))))))));
(22,(((64,(19,63)),61),((((72,42),(65,18)),(44,57)),(((23,30),(36,(70,7))),(((58,24,2),((9,41),((59,68),29))),((((40,10),12),(((((55,46),(45,(32,20))),(35,14)),(39,(6,69))),(38,60))),(((26,15),(54,((((((73,77),75),(34,27)),(25,71)),((((81,50),(76,(47,(33,(62,(((37,11),53),52)))))),(16,1)),(80,(74,90)))),((67,3),(66,21))))),(((49,(43,51)),(5,8)),(((((96,(100,(82,((98,85),(91,(((97,95),93),(84,(83,88)))))))),(78,(92,89))),94),99),(((79,(87,(17,31))),((0,(28,(13,4))),(56,86))),48))))))))));
(54,(45,(((((10,(((92,((99,96),((78,(94,89)),(81,(75,(73,77)))))),(22,(76,((80,100),((97,((95,(91,((88,(83,(85,98))),(82,93)))),(74,(84,90)))),(87,79)))))),(38,(44,(9,71))))),(19,15)),((63,57),((25,31),(41,49)))),((((34,(23,36)),((86,(64,(67,(8,3)))),(7,(30,(66,(51,(43,21))))))),((5,((29,26),(6,(((46,(70,20)),55),((0,32),(39,69)))))),(68,60))),((56,((13,(4,28)),(33,52))),((16,1),(27,61))))),((((65,(18,(72,42))),(48,(17,58))),((2,50,40,24,11,14),(35,(59,(37,(47,(62,53))))))),12))));
(24,((89,(43,21)),(((98,85),((63,99),((56,22),((32,87),((42,72),(18,65)))))),(((94,31),((81,(53,(47,(33,((52,62),(37,11)))))),34)),((14,25),((78,92),((((((75,(77,(73,76))),((10,(12,(50,40))),45)),(41,(17,58))),((1,16),2)),((15,(9,19)),(96,((71,(44,7)),((35,54),(26,29)))))),((((66,51),(((61,(57,((38,60),64))),27),((20,(55,(6,(39,69)))),(46,(67,(8,3)))))),(91,((48,((79,(84,(28,(4,13)))),((82,93),(95,97)))),(90,74)))),(((((83,88),((30,23),((36,0),86))),49),70),((100,80),(68,(5,59))))))))))));
(14,(35,(45,((((((97,91),((83,(98,85)),(88,(87,79)))),(((93,82),(90,84)),95)),((80,100),94)),86),(((((24,((38,60),(44,(71,9)))),66),((64,57),(6,(69,39)))),((10,(20,(55,46))),(((99,(96,((92,78),(75,(73,77))))),((61,22),(3,(67,8)))),(16,19)))),((((74,(81,89)),((48,(41,(31,25))),(((36,23),30),34))),((((42,72),(65,18)),((32,(33,((53,47),((11,(52,37)),62)))),((27,70),((28,(4,13)),(56,(51,(21,43))))))),(12,(40,50)))),((7,((17,49),(54,(29,(26,(15,2)))))),(((58,63),((76,0),(68,(59,5)))),1))))))));
(44,((86,24),((((((36,43),(30,(23,63))),(21,56)),(67,(8,3))),((((92,((16,(34,27)),5)),((78,71),10)),((7,1),((((79,(((100,(89,94)),(81,80)),((((83,(85,98)),((97,(91,87)),((82,88),(95,93)))),(84,(74,90))),75))),0),66),(9,(38,60))))),(((((19,(28,(13,4))),45),59),((((29,26),54),(2,15)),(99,64))),(68,12,61,57)))),(96,((((18,((42,65),72)),(11,(33,((37,47),(53,(52,62)))))),(22,32)),((((41,((17,(31,25)),49)),(40,50)),(35,(48,58))),((((69,39),((14,46),(20,(70,55)))),6),((77,73),(51,76)))))))));
(27,((31,25),((24,30),(((61,5),((51,(21,66)),(3,54))),((((50,(12,40)),20),(10,(59,68))),(((14,(45,80)),(((47,53),(52,(11,(37,62)))),((56,(29,26)),((58,100),(((79,(83,(98,85))),(((94,89),(((93,82),(17,(41,49))),((97,(90,91)),((84,74),(88,87))))),95)),((81,76),((99,78),(92,96)))))))),(((((46,(43,55)),(69,39)),(70,6)),(((2,18),((86,(60,38)),(((33,0),((64,(((((28,(4,13)),(63,23)),48),34),19)),(22,(72,(65,42))))),((71,(44,9)),(7,36))))),(57,(67,8)))),((16,1),((73,(77,75)),(35,(32,15)))))))))));
(78,(92,(99,((7,(36,30)),((20,(((38,60),((((22,57),((51,(43,21)),(61,(42,72)))),((44,(71,9)),66)),64)),(3,(8,67)))),((((80,100),74),((75,(73,77)),(90,(54,(2,((29,26),15)))))),(((39,69),((((((((47,11),52),53),(37,62)),((48,17),((35,(58,((49,28),(41,(31,25))))),14))),((1,16),(68,(34,(5,59))))),((76,(33,89)),(23,0))),(63,(19,27)))),(((56,(((45,(12,96)),(40,(4,13))),((10,50),((81,94),(18,65))))),(46,55,6)),((32,(86,70)),(24,((91,(97,93)),(((84,(79,(87,(98,85)))),(83,88)),(82,95)))))))))))));
(63,(92,(64,(58,(((1,77,73,69,39,55,38,66,61,15,2,29,26,10,96,99),(((((76,(20,46)),(19,54)),((((18,(42,(65,72))),45),((56,3),75)),((44,((71,9),78)),(60,((67,8),(52,(33,(53,(47,((37,62),11)))))))))),((((7,23),(((28,(4,13)),(80,100)),(41,(48,(25,(17,(31,49))))))),(24,((59,5),(36,68)))),((((((79,((87,(97,(95,91))),((88,83),(82,93)))),(85,98)),(84,(90,74))),(21,43)),40),(((27,0),51),(34,35))))),(((30,(12,50)),(94,89)),((81,16),70)))),(((57,14),22),(86,(32,6))))))));
(24,((1,16),(((((7,(((((41,(17,(31,25))),(65,(18,(42,72)))),0),(70,((33,(11,((62,52),37))),(53,47)))),(66,(51,(43,21))))),((5,(68,59)),((((61,(22,27)),(57,((19,63),64))),(3,(67,8))),(38,(71,((60,44),9)))))),((((34,(89,94)),10),(75,50)),(((73,77),48),(86,56)))),(35,14)),(((49,(12,40)),(((((85,98),(83,88)),(95,(87,79))),80),((100,(84,(90,74))),(97,((93,82),91))))),((81,(96,((99,78),92))),(((((69,39),((46,6),(55,(32,20)))),15),(((36,76),58),(23,45))),((54,(2,((26,29),30))),(28,(4,13)))))))));
(19,((58,(17,(25,31))),((1,16),(((24,(33,((47,((11,(52,37)),53)),62))),((((51,44),(46,55)),(57,((((60,38),(9,71)),(22,61)),67))),(((((66,(18,(65,(42,72)))),(30,23)),(((100,((92,(99,89)),((88,(91,(97,79))),(36,96)))),2),(15,(26,29)))),(((43,21),(78,(75,(73,77)))),(((48,54),40),(41,(7,(12,(94,80))))))),(((74,(90,84)),86),(((20,45),((69,39),14)),(6,35)))))),(10,(((((13,(4,28)),(76,81)),95),((34,(32,0)),((((83,(93,82)),(70,(85,98))),(((3,(8,(27,63))),64),87)),(49,56)))),(50,(59,(5,68)))))))));
(57,(((19,(61,68)),99),(((((((((((((((56,(85,98)),(96,(84,(90,74)))),80),100),78),(((95,(91,(93,82))),(79,97)),92)),(87,(88,83))),((((0,(49,41)),94),((27,(((((47,(11,(62,53))),(52,(37,33))),86),50),34)),((70,(28,(4,13))),((63,20),((42,(72,(65,18))),(16,1)))))),((58,24),(12,((31,25),(17,(14,35))))))),((89,((77,(75,73)),(81,76))),((55,46),(6,(69,39))))),64),(59,5)),(45,22)),((3,(67,8)),((36,(23,(51,(66,(43,21))))),(48,(32,40))))),10),((2,(15,(54,(26,29)))),(((38,60),(44,71)),((7,30),9))))));
(48,((20,(1,(16,24))),(((((51,(43,21)),(9,71)),(54,(29,26))),66),((((32,4),((28,13),(3,0))),(((19,(57,64)),((8,67),23)),(63,38))),(((((17,(31,25)),(((58,(49,41)),45),(35,14))),(10,94)),(((6,(69,39)),(100,(55,46))),(15,2))),(((61,22),((((((96,99),89),(78,92)),(((52,(37,62)),((47,53),(11,33))),(((56,27),(86,((73,(75,77)),(76,81)))),(34,(68,(59,5)))))),((50,(40,12)),(80,((((79,87),((93,82),(91,97))),((83,95),(88,(85,98)))),(74,(90,84)))))),(44,60))),(((7,(36,30)),((72,42),(18,65))),70)))))));
(34,((((56,((33,(28,(4,13))),(5,59))),68),76),((((77,75),(99,(96,(78,92)))),(17,(31,25))),((((((58,(41,49)),(48,87)),35),((62,52),(11,(53,(37,47))))),(((95,(91,97)),((85,98),((82,93),((72,42),(18,65))))),((((84,(90,74)),(79,(88,83))),86),((80,(81,(100,94))),89)))),(((1,24),((45,16),((15,73),66))),(14,((((((32,(0,27)),(51,(21,43))),(7,(54,(2,(26,29))))),((23,(36,30)),(((39,69),(6,20)),(46,55)))),(((61,22),(((38,60),(44,(70,9))),71)),(3,((((19,(67,8)),57),63),64)))),(10,(50,(12,40))))))))));
(7,(39,55,(((32,69),(27,46)),(((1,16),6),(((((((((((85,98),90),(83,88)),(70,(34,76))),((48,84),(81,(56,(4,13))))),(91,((((97,(74,(79,95))),(99,(100,80))),(94,(82,(93,40)))),(92,(96,78))))),(89,30)),38),(((21,43),(51,66)),((75,77),73))),23),((((22,29),(12,86)),((8,67),(63,19))),((68,50,14,45,24,2,15,57,60),(((17,(71,(9,44))),(((33,((53,37),(52,(62,11,47)))),((5,59),(87,((72,42),(18,65))))),((35,(54,(28,0))),(58,(49,((25,31),41)))))),(((61,20),(26,3)),(64,(10,36)))))))))));
(4,(0,(27,(36,(((34,(28,13)),76),(((23,56),((((87,88),(83,(98,85))),95),(74,(90,84)))),((63,(((30,7),(19,((64,57),(44,(71,9))))),(24,(((38,60),(22,61)),(1,16))))),((((12,45),(35,14)),20),(((48,(10,(40,50))),((((((96,(92,78)),(79,((99,(97,(82,93))),91))),((89,94),(80,100))),(70,(58,41))),17),((46,55),(6,(32,(69,39)))))),((5,(59,68)),((86,((15,(54,(26,29))),2)),(((49,(3,(67,8))),((33,((62,((47,(11,(53,37))),52)),(66,(51,(21,43))))),(81,(75,(73,77))))),(((42,72),(65,18)),(31,25))))))))))))));
(86,((29,26),((((57,(63,(3,(8,67)))),(73,(77,75))),(((21,45),(74,(90,84))),24)),((((((((43,(85,98)),((49,(17,41)),(31,25))),(23,2)),((34,((5,68),((59,0),(28,(13,4))))),50)),(((19,64),(16,1)),(97,(82,93)))),(((40,(12,((11,((62,37),(47,53))),(52,33)))),((35,54),(14,((89,94),(((92,78),99),(((76,81),(95,(87,79))),96)))))),((88,83),((22,(((61,38),((44,(71,9)),27)),60)),56)))),((32,((69,39,6),70)),((20,(18,(65,(42,72)))),((36,30),58)))),(7,66,51,48,55,46,15,80,100,91,10)))));
(7,(30,((54,2),((((((70,(59,5)),(34,32)),((20,68),((((50,(40,12)),(55,45)),(6,(48,(58,(((31,25),(41,49)),17))))),(10,46,39,69,14)))),43),((78,92),(96,99))),(((((((18,65),(42,72)),(35,(23,36))),(((81,0),(76,(3,(8,67)))),15)),((27,(84,90)),(26,51))),(((33,(11,((((37,62),47),53),52))),66),(56,(28,(13,4))))),((((61,21),((75,(73,77)),(24,(((((((79,(95,87)),(74,97,91)),((82,93),(83,((85,98),88)))),89),80),100),94)))),(1,(16,86))),(29,(((9,71),44),(64,((((63,19),(38,60)),22),57))))))))));
(86,((26,29),(36,((((35,7),(49,63)),(2,(15,54))),((((31,25),(41,58)),((71,(9,44)),48)),(((((81,((94,89),(100,80))),(24,(56,(16,1)))),(((23,((72,42),76)),(((0,(65,18)),(28,(4,13))),27)),(((10,(((14,(12,(50,40))),(((55,46),(6,(32,(69,39)))),(20,70))),45)),(((66,(43,21)),((38,60),(61,19))),((51,34),(68,(59,5))))),(17,(22,((57,64),(3,(8,67)))))))),30),(((96,((75,(73,77)),(((97,((98,85),79)),(87,((91,(93,82)),95))),(84,((88,83),(74,90)))))),(78,92)),(99,((11,47),(33,((52,53),(62,37))))))))))));
(68,((5,59),(35,(((58,48),(17,(31,25))),((54,(23,((36,((18,65),(72,42))),30))),((((76,(98,85)),(0,(22,32))),((94,(28,(83,88))),(34,86))),((((47,53),(52,(62,(33,(37,11))))),((26,29),(15,2))),(((81,((80,100),(84,(74,90)))),(61,(24,(89,(99,((78,92),(96,(((93,95),((97,82),(79,91))),87)))))))),(((((16,1),56),(10,(((50,(12,40)),(45,14)),((64,((57,19),(63,(67,8)))),(((38,60),(44,(71,9))),(75,(77,73))))))),((3,(66,(51,(21,43)))),(((49,41),7),27))),((6,(69,39)),(20,(((70,(4,13)),46),55))))))))))));
(7,(((((61,22),(71,44)),60),(((43,21),(51,66)),(9,19))),(((63,(57,((3,(8,67)),64))),((35,(68,(5,59))),(((96,((92,78),99)),(((100,(80,0)),89),(41,49))),(((((33,((47,53),(11,(52,(37,62))))),(56,14)),(48,(45,(16,1)))),(58,17)),(31,25))))),((((((34,(32,70)),((27,(38,86)),(30,(36,23)))),(15,(54,(29,26)))),(((12,40),(50,10)),(6,((((55,46),20),39),69)))),(((77,(73,75)),((((91,97),(79,87)),(76,((83,((98,85),88)),(84,(90,74))))),((95,(82,93)),(81,94)))),((((72,42),(65,18)),24),(28,(4,13))))),2))));
(87,(45,(((1,16),(((11,62),(52,(37,53))),(47,33))),(((((((3,(8,67)),63),(((61,(81,27)),22),((64,57),19))),((((96,75),30),(78,((92,((89,(80,(99,100))),((93,82),(91,((88,83),(98,85)))))),((77,73),((((43,21),(51,66)),(94,54)),76))))),(20,(2,15)))),68),((((28,(13,4)),((65,18),34)),36),(7,((14,((35,58),48)),((41,(49,17)),(31,25)))))),((((55,(46,(6,((69,39),32)))),(24,(59,5))),(23,(86,((79,(95,97)),(84,(74,90)))))),(((50,(12,40)),((29,26),70)),(((0,(71,(56,(72,42)))),10),(9,(38,(44,60))))))))));
(20,((46,55),((((6,70),(39,69)),((17,94),(35,(16,1)))),((((14,45),((36,(50,(40,12))),38)),((44,3),(60,(41,48)))),(((68,(10,(25,31))),((22,61),(((((56,(18,(65,(42,72)))),27),49),(32,0)),(28,(4,13))))),(((7,(66,(51,(43,21)))),((63,(19,(64,(67,8)))),57)),(((((58,((90,87),(86,(81,76)))),(23,((37,(33,(62,(11,52)))),(53,47)))),24),((15,(2,((96,((99,(75,(73,77))),(78,92))),((9,71),(59,5))))),34)),((54,(30,(29,26))),(((84,74),((97,(82,(91,(95,93)))),(79,(83,(88,(98,85)))))),(100,(80,89)))))))))));
(39,(((((32,(59,(68,5))),(14,(76,(75,(73,77))))),65),((66,(51,(21,43))),(40,50))),(((99,(81,(96,(92,78)))),10),((35,2),(45,((29,((58,17),(16,((25,31),(49,41))))),((((((((44,(71,9)),22),(64,57)),(30,(36,23))),15),69),((61,(60,38)),48)),((((7,(((55,(20,46)),((((100,89),80),((97,(91,(83,(85,98)))),(((88,(93,82)),79),(87,95)))),((90,74),(84,94)))),6)),((27,(63,86)),((54,(0,(3,(8,67)))),((18,(72,42)),(28,(13,4)))))),((((70,34),(56,(33,47))),((19,(53,((52,11),(37,62)))),24)),1)),(12,26)))))))));
(66,((((((16,(60,(15,41))),(30,57)),((((((39,(55,46)),(20,70)),6),(69,32)),24),((84,(90,74)),((96,(99,(78,92))),34)))),((((((14,35),(48,(58,(31,25)))),(68,((71,9),(45,(5,59))))),(22,(61,44))),((86,((77,(73,75)),(81,(85,98)))),((((17,49),((27,63),(((3,(67,8)),(76,0)),54))),(2,19)),(33,(((47,37),(53,11,62)),52))))),((50,(40,(10,12))),(64,(7,(36,23)))))),(((80,100),(89,94)),(29,26))),((((((91,(82,93)),97),95),(79,87)),((56,((72,42),(65,18))),(((28,(13,4)),(83,88)),(51,(21,43))))),(1,38))));
(69,(39,((2,6),(((((63,48),(22,((40,12),(50,10)))),(33,86)),((27,((61,8),(64,(57,(56,19))))),(20,(94,(100,(89,80)))))),(((59,68),((((76,81),((75,(77,73)),((84,((79,(83,88)),(87,((97,((85,98),(91,(82,93)))),95)))),(90,74)))),(1,16)),24)),((((((((53,(52,(11,(62,37)))),47),((32,(5,23)),(31,(49,41)))),((14,55),(46,58))),(45,35)),(((78,(99,(96,92))),15),((3,67),(60,38)))),((54,(26,(17,25))),70)),(((34,(28,(4,13))),((30,(7,36)),(29,((21,43),(51,66))))),((44,(71,(9,0))),((65,18),(42,72))))))))));
(21,(43,((50,40),((19,(((71,(33,32)),(47,53)),(11,((37,62),52)))),((((((99,100),80),((89,96),94)),(((((10,(45,2)),(((15,(54,(29,26))),((70,(72,(18,(65,42)))),0)),(35,(5,68)))),(((36,(92,78)),(30,7)),(((12,(58,((31,25),(41,(17,49))))),(((6,(39,69)),((55,46),20)),((22,(27,61)),(38,(60,(44,9)))))),24))),(64,(57,63))),14)),((((34,48),((81,(76,87)),(((88,83),(98,85)),(79,(84,((90,74),(((82,93),95),(91,97)))))))),((4,13),(86,(59,28)))),((75,(77,73)),(56,(1,16))))),(51,(66,((3,(67,8)),23))))))));
(10,((40,12),((68,(50,5)),(14,((((((((3,22),(((75,(73,77)),(81,(76,(72,42)))),(90,(84,74)))),23),(18,65)),(((((99,92),(96,78)),(((60,38),((8,67),(48,(31,(17,25))))),(((32,(19,64)),63),57))),(24,(30,7))),((86,(((89,94),(100,80)),(95,((91,((82,93),97)),(((88,83),(98,85)),(87,79)))))),((34,(0,29)),((16,56),((33,((11,52),((53,47),(62,37)))),1)))))),((44,(71,9)),((28,(4,13)),(27,36)))),((58,(41,49)),(66,(43,(51,21))))),((35,(15,(54,26))),((59,(61,45)),((2,(((69,6),(39,46)),(55,70))),20))))))));
(7,(((42,72),(65,18)),((15,((54,(26,29)),2)),((((1,(59,86)),((14,45),((35,(49,41)),((58,(17,(25,31))),48)))),((100,(81,76)),(90,(95,(84,74))))),((((61,57),(((10,(50,(40,12))),((20,46),((6,39),69))),(24,(60,38)))),((64,(22,(44,(9,71)))),(((30,0),(51,(66,(43,21)))),(((68,5),34),55)))),((((((32,28),16),((87,79),(85,98))),(63,(36,23))),((70,(83,88)),27)),((((80,((91,97),(82,93))),((73,(75,77)),(94,89))),((3,(8,67)),(99,(78,(92,96))))),(19,(56,((11,(((47,53),33),(52,(37,62)))),(13,4)))))))))));
(44,((71,(22,9)),(50,((((((73,(75,77)),(((92,(96,63)),78),36)),((((((84,(74,90)),(83,(88,(98,85)))),87),(89,94)),(100,80)),(30,(23,7)))),(((67,(51,(21,43))),(38,(57,(19,64)))),((((((10,((56,86),(26,(54,29)))),24),(((68,(81,(33,((47,53),(11,(62,(37,52))))))),(((28,(13,4)),20),(34,(32,76)))),(((82,93),((91,97),95)),79))),45),(14,(2,15))),((((48,17),(58,(3,8))),((18,(65,(72,42))),(70,60))),((59,5),(99,0)))))),(40,12)),((27,61),(66,(((46,55),(6,(69,39))),(((16,1),35),((25,31),(49,41))))))))));
(70,((39,(69,((6,46),55))),(((((61,(((((63,19),(57,64)),((0,(28,(4,13))),(54,(29,26)))),((38,60),(16,((21,43),(32,(33,((((53,47),(62,37)),52),11))))))),((22,(27,81)),(35,(66,(92,(99,(96,78)))))))),(68,(5,59))),(34,((9,(44,71)),51))),((14,((75,(77,73)),10)),48)),((((100,(65,(42,(18,72)))),(94,(((95,(98,(79,87))),(83,((84,(74,90)),(88,85)))),(89,(91,(97,(82,93))))))),(23,(2,80))),(((30,24,20),(40,50)),(((12,(36,7)),((45,(67,(8,3))),(86,(56,15)))),((58,76),(1,(17,((25,31),(49,41)))))))))));
(50,((59,5),((((29,26),(3,32)),(41,((31,17),25))),((95,20),((24,((70,(55,((49,6),(46,(39,69))))),(60,38))),((((10,(((80,(94,(77,(75,73)))),(71,54)),44)),(45,(100,(91,(97,79))))),(15,2)),(((((1,(16,(92,99))),22),((0,(87,34)),((47,(76,81)),(61,27)))),((48,58),((((64,57),((19,63),((67,8),68))),(14,(35,89))),((((((98,85),56),((28,(4,13)),((42,72),(65,18)))),((74,(90,84)),86)),(((53,33),(52,(62,(11,37)))),((83,88),(93,82)))),(((((23,36),30),66),((51,(43,21)),7)),9))))),((78,96),(40,12)))))))));
(64,(((44,71),(86,22)),(9,((61,56),((((((14,((31,(49,(41,17))),(35,58))),(25,45)),48),(67,8)),(30,((34,(((43,66),(51,21)),(33,((37,62),((47,11),(53,52)))))),(((((((23,7),(((60,38),(89,94)),(36,32))),(55,(39,(69,46)))),6),(80,100)),((((76,((98,85),(16,1))),((54,(82,93)),(90,(84,74)))),((81,(70,20)),97)),(((79,24),91),95))),(((29,(2,(26,15))),(99,(96,(92,78)))),((10,(12,(50,40))),(((68,(59,5)),((72,(42,(65,18))),(75,(73,77)))),((63,(88,83)),(0,(28,(4,13))))))))))),((3,(57,19)),(87,27)))))));
(69,(39,(46,((((((((((54,(29,26)),((17,49),(88,83))),((75,(73,77)),((93,82),(95,(97,(84,91)))))),((((((76,9),((63,(18,(65,(72,42)))),(56,19))),(67,(96,61))),36),(28,3)),((((27,32),(21,43)),70),(0,((4,13),23))))),((81,44),((92,(((79,(87,(98,85))),(94,(74,90))),99)),(78,((100,80),89))))),((50,(60,38)),(((35,((25,31),(41,58))),48),(66,51)))),((30,(15,7)),((16,24),20))),10),(14,45)),(((((71,((68,86),(5,59))),22),(64,6)),(1,(((37,(52,(62,((47,(33,53)),11)))),57),8))),((2,((40,12),34)),55))))));
(12,((38,60),(((13,(28,4)),(27,59)),((86,((9,34),(((23,0),99),((((84,(((97,91),(82,(87,79))),((74,((85,98),(88,83))),90))),(((89,(100,80)),(93,(95,(76,81)))),(94,((77,75),73)))),((24,16,1),(33,((52,11),(53,(47,(37,62))))))),((10,(50,40)),(58,((56,36),30))))))),(((((5,(68,(3,(67,8)))),(43,21)),66),(63,22)),((((((18,72),(65,42)),(7,54)),((92,15),(71,(26,29)))),(61,78)),(((44,64,19,96,2),57),((20,(((32,(39,69)),(((((6,(35,48)),45),46),41),(14,((17,(25,31)),49)))),(70,55))),51))))))));
(44,((15,(2,((77,73),75))),(((((61,(76,(48,49))),(12,(39,((46,6),(55,69))))),((67,8),64)),30),((((58,40),(50,((((36,54),(65,(18,(72,42)))),(23,11)),((29,26),(7,(71,9)))))),((((83,88),((100,80),(89,79))),((((74,94),((95,((97,(82,93)),(85,98))),91)),(90,84)),((99,96),87))),(((((66,(51,(21,43))),(((14,19),(35,68)),((10,81),(59,5)))),(60,38)),57),24))),(((45,(78,92)),(((17,(31,25)),((27,((37,62),(52,(47,53)))),(56,((70,(32,0)),(3,(34,(13,4))))))),(28,33))),(((86,63),41),(22,(20,(1,16)))))))));
(40,((12,50),((((14,((45,68),(((78,(96,92)),(100,80)),(89,22)))),(((((((((32,28),81),(76,34)),((72,42),(18,65))),33),87),((5,59),(0,27))),(94,((95,((88,(83,98)),84)),(79,((82,93),(97,((90,74),(85,91)))))))),(((54,((1,16),(23,51))),(3,(49,41))),36))),(((21,43),(7,30)),(66,86))),(((((8,67),(71,(9,(44,(38,60))))),(10,(63,(53,(11,52))))),((61,(2,15)),(24,(29,26)))),(((20,(((46,55),(70,58)),(6,(39,69)))),((64,(19,57)),((35,48),((77,73),75)))),(((13,4),(47,(62,37))),((99,56),(17,(31,25)))))))));
(12,((3,(17,58)),(59,((14,35),(((43,(51,(21,66))),(19,29)),((((1,((81,(75,(73,77))),(((100,80),((89,94),83)),(90,(74,84))))),(20,((6,(67,8)),(96,(92,78))))),(44,15)),(69,(((39,(46,55)),((7,(((((48,((25,31),(41,49))),((71,70),((((9,(((((91,(97,(93,82))),(85,98)),79),95),87)),5),(54,86)),(61,36)))),(16,((27,68),(22,56)))),(((23,((32,99),(4,13))),(34,0)),((63,(88,76)),(((33,(47,(53,((62,11),(52,37))))),((42,72),(65,18))),28)))),(50,(26,(10,40))))),((57,(24,64)),(38,60)))),(30,(45,2))))))))));
(10,(((((((66,(51,(21,43))),(((63,(3,67)),(19,(57,64))),8)),(((23,36),((((32,81),(((100,80),(89,94)),(84,(74,90)))),((((28,(4,13)),(56,34)),(88,(97,(((83,(98,85)),(91,(93,82))),(87,(79,95)))))),(54,(27,70)))),((59,5),(76,(0,(53,33)))))),86)),(75,(77,73))),(15,2)),(((((1,68),(29,26)),24),(((96,(92,78)),((40,12),14)),50)),((((69,(39,6)),(45,(46,55))),(((35,(25,16)),20),(58,(17,(41,(49,31)))))),(7,((60,38),(44,(71,9))))))),((22,(48,(11,(47,(52,(37,62)))))),((61,99),(((42,72),(18,65)),30)))));
(81,(((69,(39,(55,(46,6)))),(10,(12,(50,40)))),((((45,(14,35)),((58,49),76)),(1,16)),((((((((17,((25,31),41)),28),((0,32),((56,87),27))),(48,86)),(23,70)),((((65,18),(42,72)),(((84,((95,(88,83)),(97,91))),((94,((90,74),((82,93),(79,(98,85))))),(89,(100,80)))),99)),(13,4))),((67,(22,61)),((((37,(52,(47,53))),(((15,(29,26)),2),((33,(11,62)),54))),((51,(21,43)),(66,(((38,60),(3,8)),(((57,64),(19,63)),(44,(71,9))))))),((96,(78,92)),(75,(77,73)))))),(((7,(36,30)),(34,(68,(59,5)))),(24,20))))));
(14,(35,(((47,53),(((37,11),52),62)),((((((21,43),(63,51)),((27,((28,13),(18,65))),(70,0))),(((48,58),((32,(3,(8,67))),(23,36))),7)),(45,(15,(2,((54,26),29))))),(((41,49),(31,(25,17))),((39,(19,57)),(((((((((99,(68,(59,5))),(22,(16,1))),(24,((50,10),((86,((75,(77,73)),(76,81))),(34,(((100,80),(84,(90,74))),((((94,89),33),56),(((95,79),((88,(98,85)),(91,(93,82)))),((83,87),97))))))))),(78,(96,92))),(20,((61,64),(12,40)))),((4,66),(69,6))),30),((42,72),((71,(38,60)),(44,9)))),(55,46))))))));
(81,(2,((15,(((((23,((71,(28,(4,13))),54)),(44,9)),((61,22),(66,(43,(21,51))))),(((30,(36,27)),(3,(67,8))),((72,42),(65,18)))),(7,86))),(((((89,(78,((73,77),75))),(((95,(91,((88,83),(85,98)))),35),(96,(94,(74,(84,((97,90),(79,(82,93))))))))),(100,(80,99))),92),((((5,59),((((33,(52,((11,(47,(53,62))),37))),(34,63)),(((32,26),(76,70)),(87,29))),(20,48))),((40,12),(50,68))),((((6,(69,39)),14),((45,24),(58,((25,31),(49,(17,41)))))),(((16,(1,56)),(57,((0,19),(64,(38,60))))),(55,46,10))))))));
(70,(56,(86,((((58,((((67,8),(85,(76,(28,(13,4))))),3),(35,48))),((17,(41,(25,31))),(74,94))),14),(((7,(68,(59,5))),((((60,38),(9,49)),44),((65,18),(42,72)))),(((97,(79,82)),((90,(100,80)),((23,((75,(73,77)),(61,(91,(88,83))))),(29,84)))),(((66,(2,22,64,24,46)),(6,(((95,((30,(54,43)),26)),36),(10,(69,39))))),(55,(((((((81,93),(98,(71,(32,0)))),((((53,47),((52,11),37)),(62,33)),27)),20),(63,45)),(((((89,92),(50,(40,12))),57),(78,(51,21))),(((16,1),(19,87)),99))),((15,96),34))))))))));
(57,((38,(60,(9,44))),((30,((64,63),(43,21))),(((((81,(61,7)),(((((36,(19,49)),(56,0)),(((70,22),(32,((3,(8,67)),27))),((68,5),(71,(4,(28,13)))))),((72,42),(65,18))),((((86,23),(16,(51,66))),((75,(73,77)),((50,(12,40)),76))),20))),(99,(92,78))),(((94,6),((((87,(88,(98,85))),(83,((79,91),(95,(82,93))))),(100,(89,80))),(((39,69),(96,(55,46))),(34,59)))),(24,(10,(35,(45,14)))))),((((29,26),15),(2,54)),((1,((84,(74,90)),97)),(((33,(47,53)),(11,(52,(37,62)))),((17,(25,31)),(41,(58,48))))))))));
(7,(((35,0),(((94,(88,83)),((77,73),75)),((81,59),(51,30)))),((((19,((50,(12,40)),(6,(32,(39,69))))),(18,(72,(42,65)))),((((5,(20,(70,(55,46)))),99),((((28,(13,4)),34),23),((33,47),56))),(54,(15,(26,29))))),(((14,((((100,80),(95,79)),(89,((87,((82,93),(97,91))),(84,((74,90),(85,98)))))),((((38,60),((71,(9,44)),(61,(27,22)))),76),(1,16)))),((((58,((31,25),(41,49))),(96,78)),(((64,(3,67)),(57,63)),92)),((86,(43,21)),((52,11),((37,62),53))))),((((66,(36,(17,48))),(68,8)),45),((10,24),2))))));
(71,(44,(((22,(27,61)),((60,38),(65,(72,42)))),(((((39,69),(64,57)),(31,(14,6))),((100,((89,94),80)),35)),((((((((97,(91,(82,93))),((88,(98,85)),83)),95),((74,(84,90)),(79,(0,87)))),((67,8),3)),(((66,(21,43)),(((46,55),((86,20),((76,((11,(33,52)),(62,37))),70))),(((10,(58,(40,12))),50),((34,45),24)))),(56,(16,1)))),(2,18)),((49,(41,(17,25))),(((((36,(81,((92,78),(((73,77),75),(96,99))))),9),(((23,48),30),((32,7),(53,47)))),(15,(54,(26,29)))),(((19,63),(51,(68,(5,59)))),(28,(4,13))))))))));
(55,((15,(54,(29,26))),(20,((41,(31,25)),((68,((((89,(100,80)),((99,86),(1,16))),(50,(59,5))),40)),((((58,(3,(23,56))),((7,(67,(32,39))),((((((65,((42,72),48)),18),(((34,61),27),((52,(47,((11,(62,37)),53))),(85,(28,(13,4)))))),((63,19),((71,(9,22)),44))),((74,(87,((((79,(97,90)),(82,(95,(70,(98,(83,88)))))),91),84))),(33,(36,(0,(76,49)))))),((8,30),((57,64),(12,(38,60))))))),2),((14,(((93,81),(10,(17,(66,(51,(43,21)))))),((46,(69,6)),((35,(73,(77,75))),((94,96),(24,(78,92))))))),45)))))));
(50,((15,54),(6,((46,55),(((20,(30,(36,23))),10),(((80,100),((58,44),((41,(17,(25,31))),(7,((66,(21,(51,43))),(45,(14,35))))))),(86,((((((9,(61,22)),((57,(64,(63,19))),24)),(((76,28),((34,(56,(13,4))),32)),((59,5),(0,(42,72))))),(((((26,(3,(8,67))),(((96,((92,99),78)),((81,((73,77),75)),(94,89))),48)),((87,(18,65)),(79,((84,(90,74)),(((95,(85,98)),((82,93),(91,97))),70))))),(12,40)),(((60,38),(29,2)),((((47,53),(37,11)),62),(33,52))))),((68,(71,(49,27))),(88,83))),((1,16),(69,39))))))))));
(14,(55,51,35,54,15,(24,(56,(30,((((86,((73,77),75)),((5,59),(68,34))),(12,(((32,26),((67,8),(64,((57,19),(3,((((((((90,((89,84),(79,((95,93),82)))),(99,74)),((((83,87),91),97),(88,(98,85)))),96),(78,80)),100),92),94)))))),((81,76),(20,45))))),(((((((48,((((16,1),49),(41,((17,(31,25)),(23,29)))),(((((0,63),(((18,70),(28,(4,13))),(((52,33),(((53,47),62),(11,37))),36))),(69,39)),58),(7,21)))),(71,((60,38),(44,9)))),66),(43,((46,6),(22,(40,50))))),(10,(65,(42,72)))),(27,61)),2)))))));
(100,((80,((94,89),(75,(73,77)))),(((82,(93,84)),(((88,91,97,90,95),((85,98),83)),(74,(87,79)))),(63,((15,(2,(26,29))),((92,78),(((((17,((41,(25,49)),31)),1),((((48,(18,(65,(42,72)))),((99,((66,(21,43)),51)),(35,(45,14)))),(96,(6,(39,70)))),((7,30),((62,37,11),(33,(47,53)))))),((58,((76,81),((34,(28,(4,13))),(40,(19,12))))),(((16,23),(54,(32,69))),(10,((59,68),(5,(86,52))))))),((50,((((64,57,44),((38,71),((27,61),60))),(20,(3,0))),((22,9),(8,67)))),(36,56,24,46,55)))))))));
(60,(((67,(8,3)),7),((28,(43,(21,51))),(((((88,83),48),(((((76,(13,4)),(47,(53,((62,(52,11)),37)))),0),((59,5),((9,81),22))),(20,71))),((68,14),(((45,(49,(31,(25,17)))),(58,(12,(40,50)))),((35,(34,33)),(55,((((46,32),69),39),(70,6))))))),((((63,19),(57,64)),(((36,(30,23)),(66,54)),41)),(((((((90,74),84),100),((94,96),((78,92),((((99,(98,85)),(79,87)),((97,(93,82)),(91,95))),80)))),(15,((24,(1,16)),89))),(((86,(10,(27,56))),44),(61,(26,29)))),((2,38),(((65,18),(42,72)),(75,(73,77))))))))));
(20,((34,((71,(44,9)),(22,61))),((32,(10,(86,35))),((((((2,((1,16),((((36,23),(66,7)),30),(99,((78,92),96))))),((51,(21,43)),((50,12),((41,49),(48,(17,(25,31))))))),(((((((39,69),(46,(40,55))),6),(((75,(73,77)),(3,(63,19))),(81,(((84,(74,90)),((87,79),(((95,(85,98)),(97,91)),((93,82),(88,83))))),(94,(100,80)))))),(((65,(18,(42,72))),(28,(4,13))),(70,(68,(5,59))))),(54,(29,26))),(((60,38),(0,76)),(27,89)))),((8,67),(57,64))),((24,(56,(33,((37,62),(11,(52,(53,47))))))),(45,(58,14)))),15))));
(86,(80,((89,(75,(77,73))),(((90,7),(((74,92),100),(30,(95,(13,(28,4)))))),(((31,58),35),(((2,(26,((54,29),15))),((20,(45,((84,32),(36,23)))),(61,((64,57),(((67,8),3),(96,22)))))),(((((((27,(63,19)),((49,((42,72),(18,65))),(9,((98,(79,(((91,97),(93,82)),88))),(85,83))))),48),(43,21)),14),(((71,56),((0,(33,(52,(37,(53,(47,11,62)))))),(38,60))),(69,((76,81),(87,70))))),(((55,6),(((66,51),(25,(17,41))),(40,50))),(((94,(44,(((68,(59,5)),(99,78)),34))),(16,(24,1))),(12,10,39,46))))))))));
(7,((10,50),((40,(66,51)),(((79,(((((87,(85,98)),((94,89),91)),((((100,80),78),(96,92)),((90,(74,84)),(97,(82,93))))),(99,95)),(81,76))),(17,((25,31),(49,41)))),((((((68,(5,59)),(54,(34,12))),(((21,43),(61,22)),19)),((73,77),75)),((38,60),(44,(71,9)))),(((((((0,(32,(26,29))),(((((42,72),(65,18)),(33,(62,((37,((47,53),52)),11)))),63),(70,(83,88)))),((((28,(13,4)),(3,(8,67))),48),56)),((86,27),(30,(36,23)))),((35,58),(45,14))),((1,16),20)),((((69,(46,55)),(6,39)),(2,15)),(24,(64,57)))))))));
(44,((9,71),((15,60),(((39,69),(45,(6,(32,5)))),(((((((((94,89),76),(81,(77,73,75))),(100,80)),(78,(92,99))),96),((59,((90,74),(84,((((91,(98,85)),(95,97)),((93,82),(79,87))),(88,83))))),((23,36),(35,14)))),(((26,(16,1)),(54,(62,37))),30)),(((24,2,29),(86,((3,(8,67)),((38,((61,27),(22,63))),(57,(19,64)))))),(((10,(((48,(72,(42,(65,18)))),((17,(25,31)),(49,41))),(40,(((55,46),50),(58,12))))),(56,70)),(((7,(((28,(4,13)),34),0)),68),(20,((66,(51,(43,21))),((53,(52,33)),(47,11))))))))))));
(68,((5,59),((58,(26,54)),(((((56,(45,(86,(17,((49,(25,31)),41))))),89),((35,34),48)),((73,75,46),((((2,(12,(50,32))),(36,(30,22))),((((87,((74,90),(84,(88,83)))),((71,((44,38,60),(9,61))),(((78,(92,99)),96),10))),((80,(27,100)),((64,19),(63,57)))),(((0,23),((28,(4,13)),((72,42),(65,18)))),(81,(24,((52,(62,37)),(47,(53,(33,11))))))))),((29,(14,(97,(51,(66,(21,43)))))),(((((20,((69,39),(98,85))),((3,(55,(8,67))),(6,95))),(70,91)),((76,(93,82)),(16,1))),(77,79)))))),((7,15),(94,40))))));
(6,(((59,5),(39,69)),((((23,((31,(25,17)),(3,0))),(66,(((51,(43,21)),(28,(13,4))),((33,(((37,62),52),(11,(47,53)))),70)))),(32,79)),((((36,(87,(35,30))),(55,(58,(46,20)))),((((14,((2,15),(29,26))),7),((54,49),((41,48),81))),(68,(45,56)))),((92,(67,8)),((78,(10,24)),((((86,(18,(65,(72,42)))),(50,96)),(((83,88),((85,98),(95,((93,82),(97,91))))),(((60,38),(44,(9,71))),((57,(63,(34,19))),64)))),((((((94,(73,77)),(100,80)),75),((76,(84,(90,74))),89)),((12,40),((1,16),(22,(27,61))))),99))))))));
(40,(12,((20,(30,(86,(50,7)))),(((78,96),(92,99)),(((((((52,37),((11,(53,47)),(62,33))),((56,0),((18,(65,(42,72))),(5,59)))),((23,(32,76)),(((74,90),((((93,82),(79,87)),((84,91),((98,85),(83,88)))),(97,95))),(35,14)))),(29,26)),((2,15),(36,(24,45)))),(((((70,10),(48,(((69,6),(((17,(49,(31,25))),(41,58)),46)),(39,55)))),((((28,(4,13)),81),(68,(94,(16,1)))),(((22,(38,60)),((3,(8,67)),((71,61),(44,(((19,27),63),9))))),(57,64)))),54),((89,((((66,(43,21)),51),(75,(73,77))),(80,100))),34)))))));
(96,((78,92),((22,(((61,(64,(57,(19,63)))),((9,(44,71)),(3,(8,67)))),(38,60))),(((((76,((87,(((83,(95,(79,97))),((98,85),(93,(82,88)))),91)),((51,66),(43,21)))),(33,(11,(52,((47,53),(37,62)))))),(((27,((65,(18,(42,72))),(12,40))),(((41,49),(58,48)),(17,(25,31)))),99)),((5,59),(68,(54,(29,26))))),((((100,(94,(89,80))),(77,(73,75))),(10,50)),(((70,(24,((16,1),34))),((7,56),(15,2))),((((35,(45,14)),(20,(46,55))),(32,(74,(84,90)))),(((0,(86,(28,(4,13)))),(36,(23,30))),(6,(81,(69,39)))))))))));
(40,(50,(((51,66),(((62,(53,47)),52),(11,37))),(((((15,(20,(6,(55,(46,(69,39)))))),(24,(1,16))),(((45,(29,26)),((7,(35,14)),((43,21),((((58,(17,(25,31))),((((((100,(80,((95,((98,85),(88,83))),((97,91),(79,(82,93)))))),(74,(90,84))),(94,89)),(86,87)),3),12)),((((41,49),(70,33)),(32,22)),(((((42,72),(18,65)),(27,0)),(((8,67),(28,(4,13))),(48,76))),56))),((36,30),(((34,(68,(5,59))),(44,(71,9))),((92,((99,(75,(73,77))),(81,96))),78))))))),(60,2))),38),((61,(57,(64,(63,19)))),(10,(23,54)))))));
(49,((25,(31,17)),((58,(41,48)),(((((38,60),(51,((42,72),(65,18)))),(7,(66,(43,21)))),((44,(71,9)),30)),((((((15,54),((57,(64,(63,19))),(26,29))),2),(36,23)),((81,((99,(96,(92,78))),((((100,(80,(75,(73,77)))),89),(((((97,91),(95,(83,(88,(85,98))))),(93,82)),(79,87)),(90,94))),(74,84)))),((24,(1,16)),45))),((((10,(86,(((67,8),(3,(22,(61,27)))),59))),(5,(68,(32,34)))),(((((56,(28,(13,4))),(40,(12,50))),(0,76)),((52,((62,37),(11,(47,53)))),33)),35)),((((46,(55,69)),6),(39,(20,70))),14)))))));
(79,(7,(24,((((((44,((20,((19,(9,30)),64)),6)),10),((((94,(80,100)),((76,81),(89,(70,(77,(75,73)))))),((43,(51,21)),61)),((((96,99),(((40,12),(60,38)),(50,(71,39)))),(((((((85,98),(54,(26,29))),(82,93)),32),45),(((34,0),(4,13)),((((33,(65,(18,(42,72)))),(27,56)),35),((88,83),((68,(5,59)),(46,28)))))),((16,1),(((31,25),36),((63,(3,(8,67))),(48,23)))))),(17,((84,(41,49)),(58,(86,87))))))),((97,95),91)),(2,((((47,(53,(52,11))),62),37),15))),((((14,(90,74)),(22,(55,66))),69),(57,(78,92)))))));
(10,((33,(37,(62,((53,11),(47,52))))),(((67,8),35),(((14,1,16,24,2,15,12,7,23,30),((92,((96,78),(99,(94,((91,(0,88)),((((93,82),(87,(95,((83,(85,98)),79)))),(89,80)),(((90,74),97),(100,84)))))))),(81,50))),(((((66,51),(3,(58,(26,29)))),((76,56),((6,((69,39,55),(20,46))),70))),(((17,(41,49)),(25,(31,48))),((77,(73,75)),(45,86)))),(((36,(65,18)),(((22,((63,(57,(64,19))),61)),(27,((71,9),((60,38),44)))),(32,((34,59),(5,((43,21),68)))))),(40,((28,(4,13)),(54,(42,72))))))))));
(10,(((57,19),(9,(44,71))),((66,(12,(50,40))),(((51,((((95,79),76),(92,(74,84))),((38,60),(61,64)))),((24,((49,((17,(25,31)),41)),(((48,(0,90)),(28,(13,4))),(32,(86,((23,56),63)))))),(((70,15),(((26,54),29),2)),((((1,16),(67,8)),((46,55),(6,((35,(14,(45,58))),(39,69))))),20)))),((((36,30),7),(((21,43),((65,18),(42,72))),(3,(22,(27,87))))),((((33,((62,(((11,52),53),47)),37)),(68,(59,5))),34),(((81,(73,(75,77))),((99,(96,(94,(100,(89,80))))),78)),((((82,93),(83,(88,(98,85)))),97),91))))))));
(31,(((41,49),(17,25)),(((28,(13,4)),((42,72),(18,65))),((53,59),((10,9),(((92,(24,(55,46))),(44,(5,(33,23)))),(((((50,89),(((40,0),54),(67,8))),(((((80,(29,26)),(16,(12,11))),((64,63,57),19)),(45,35,100,14,75,73,77,81,96,94,2)),(((((6,(32,(39,69))),(22,((38,60),61))),((21,51),((66,((95,(97,79)),(93,82))),71))),(58,((52,(62,(37,47))),1))),((76,(86,48)),(((56,27),70),78))))),(99,68)),((((20,(3,(34,43))),15),(7,(36,30))),((90,74),((87,(83,(98,85))),(84,(91,88))))))))))));
(86,(((100,80),(20,99)),((2,((29,26),15)),((((((7,(10,((1,16),24))),(((94,89),(96,(92,78))),((33,((52,(11,(47,53))),(37,62))),(((((13,4),28),56),0),(5,59))))),((76,81),(((42,72),(65,18)),(((51,(21,43)),(54,36)),(23,30))))),((50,(40,12)),(66,22))),((68,(34,(((61,(67,3)),(32,(((44,(71,9)),(38,60)),27))),((((8,64),63),57),19)))),((((83,(88,(85,98))),(79,(90,(84,74)))),(97,91)),(((82,93),(95,87)),(77,(73,75)))))),((((((58,(17,(31,25))),49),48),(14,45)),(35,41)),((39,70),((69,6),(55,46))))))));
(24,((((64,57),((61,28),(8,67))),(3,(69,((86,(42,72)),(66,(43,21)))))),(((((55,(46,39)),6),(10,(12,(50,40)))),(((20,15),(((5,(70,(41,49))),(54,1)),2)),((((90,74),(79,(97,(84,91)))),(100,80)),95))),((((52,((11,37),(62,(47,53)))),((68,7),((45,(14,35)),(99,((73,(75,77)),(92,(78,(96,89)))))))),(((((23,87),58),22),(((34,(94,33)),((81,(((85,98),(83,88)),((4,13),(56,(65,18))))),(48,32))),(44,(71,((38,60),9))))),(((59,(0,(82,93))),(16,(27,(17,(31,25))))),((((19,63),51),36),76)))),((26,29),30)))));
(39,(69,((44,(71,9)),((20,14),(((55,((36,96),((((((((86,0),76),((33,(62,37)),((11,47,52),53))),(1,16)),56),30),27),35))),(6,46,61,78,92)),((((51,66),(7,((57,(64,(19,63))),(32,(48,((72,42),(18,65))))))),22),(((23,60),((99,(59,(34,(68,5)))),(28,(13,4)))),((77,((67,38),(3,8))),((73,75),((((21,43),(((84,74),(((90,97),((83,((91,95),(93,82))),(79,(88,(85,98))))),87)),81)),((((26,((29,54),(15,2))),(40,(50,(12,70)))),49),(45,41,58,25,17,31,10,94,89,100,24))),80))))))))));
(59,(96,(((41,17),(45,(46,(50,(12,40))))),((((((23,((((44,(27,(9,71))),61),(60,38)),10)),7),((92,(((81,(90,(95,74))),(((((82,93),((97,(85,((98,(83,88)),((76,87),91)))),79)),((89,66),(84,94))),100),80)),((((((62,37),(47,53)),11),52),(68,5)),22))),57)),24),((35,(2,99)),(16,1))),(((15,77),(((49,(31,25)),((78,(3,(8,67))),(((((18,(65,(72,42))),(13,(51,(21,43)))),(0,(33,(70,56)))),(((30,36),(48,(58,64))),(((54,32),((29,26),(28,4))),((63,19),(86,34))))),20))),(((6,(69,(73,75))),39),55))),14)))));
(38,(60,(((((47,53),(52,(11,(37,62)))),((25,31),(41,(17,49)))),((89,94),(86,56))),(((((((59,5),(93,82)),(81,(32,27))),(23,36)),(((65,18),(42,72)),34)),((((64,(57,19)),((69,(39,6)),((55,46),20))),(30,(10,68))),(40,12))),(((7,((24,(1,16)),(61,(58,48)))),(((((26,29),(0,35)),2),((15,((97,95),((((91,((84,(90,74)),(((85,98),(88,83)),(87,79)))),99),(((80,92),(100,78)),96)),((73,75),77)))),(54,45))),14)),(9,((44,50),(((((71,(63,70)),33),(13,(4,28))),(3,(8,67))),((66,(51,(43,21))),(76,22))))))))));
(73,(((((40,(38,60)),(((9,(44,71)),(50,12)),10)),(3,57)),(((((25,((41,49),(17,31))),54),(55,((((66,((42,72),(65,18))),(27,(19,43))),(0,(((1,16),((28,(4,13)),((74,(90,84)),(((87,(88,83)),79),((97,91),(((93,82),(98,85)),95)))))),(56,(36,(23,32)))))),((76,63),(33,(53,((52,(62,47)),(11,37)))))))),(26,(20,(22,58)))),(45,35))),((((86,(77,75)),((80,(89,(48,94))),(100,29))),(((46,(((6,(81,((21,51),(70,39)))),(69,24)),(61,30))),((7,(78,(92,(99,96)))),(15,64))),(2,((34,(8,67)),(68,(59,5)))))),14)));
(24,((((35,((((46,69),6),55),(39,20))),(34,(68,(5,59)))),(14,(((86,81),((10,(48,(((25,17),(41,49)),(58,31)))),45)),(36,(30,7))))),((96,(99,(78,92))),(((((((((37,62),((52,(47,53)),11)),0),(1,16)),((((33,70),23),(32,76)),(((3,(8,67)),(((90,84),((74,(82,93)),(95,((87,79),(91,((88,(85,98)),97)))))),((94,89),(80,100)))),((28,(4,13)),((27,(65,(18,(42,72)))),(56,83)))))),(2,15)),((54,(26,29)),(40,(50,12)))),(75,(77,73))),(((61,(((38,60),((19,44),(71,9))),(63,(57,64)))),(66,(51,(21,43)))),22)))));
(8,(67,((22,61),((40,(12,50)),((44,9),((60,38),((24,58),((10,((((42,72),(65,18)),(56,7)),((66,(51,(43,21))),((46,(39,(6,69))),(20,55))))),(((((((95,(87,(82,93))),79),((80,100),(92,(89,((91,97),((74,90),84)))))),96),78),(((1,((2,((30,94),15)),((((57,(63,19)),64),(((85,98),(88,83)),(23,34))),((99,((25,31),(71,3))),((73,((75,81),(77,76))),((54,(26,29)),(86,48))))))),(5,(59,68))),((((33,(47,(53,(52,(37,(11,62)))))),(16,36)),(27,(28,(13,4)))),(((17,32),(41,49)),(0,70))))),(14,(35,45)))))))))));
(86,(24,(54,((26,10),((38,60),((((15,22),((((41,49),(66,33)),(((48,(17,(58,(31,25)))),(76,(28,3))),(56,71))),((((21,(43,51)),(52,(11,(62,37)))),(((23,36),(34,(4,13))),(70,32))),((47,53),(81,(((42,72),(65,18)),(0,27))))))),((50,(((89,(75,(73,77))),((94,(100,80)),((((98,85),(83,88)),(87,79)),((95,90),((91,(74,(82,93))),(84,97)))))),((78,92),(96,99)))),((30,((14,35),7)),((12,40),(16,1))))),((((29,((8,67),(44,9))),((64,(57,(19,63))),((55,(((46,(69,39)),20),45)),((68,(5,59)),6)))),61),2)))))));
(50,(45,((((46,55),(20,(6,(69,39)))),(57,64)),((((10,(2,(((54,(29,26)),15),(36,30)))),(((52,(11,(53,47))),(37,62)),(1,16))),((24,(((0,7),(35,(14,((58,((17,(31,25)),(49,41))),48)))),((((68,(59,5)),23),(34,76)),33))),(((94,89),(80,100)),(84,(74,90))))),((((((44,(71,9)),(38,60)),(61,22)),((21,(51,43)),(66,(((88,(98,(83,85))),(((95,87),(79,(82,93))),(91,97))),((19,(32,70)),(27,(28,(4,13)))))))),((73,(77,75)),(((78,92),(96,99)),((81,86),((72,42),(65,18)))))),((12,40),(3,(63,((8,67),56)))))))));
(34,(45,((35,20),(14,(15,((((((((57,(64,63)),19),(67,8)),(87,(86,75))),((((((88,100),(98,85)),(95,(73,77))),97),((79,81),(89,94))),(83,((84,(74,90)),(91,(82,93)))))),(((((48,58),((72,(42,(65,18))),(54,80))),(51,((25,49),((((0,56),27),(24,(((62,37),((53,47),(52,11))),(3,33)))),29)))),(76,((92,78),(99,96)))),((((55,((69,70),((46,(39,32)),6))),((4,(13,28)),((59,68),5))),(1,16)),(((30,((36,23),7)),((21,43),61)),(26,(40,12)))))),(((((((60,38),(31,(41,17))),71),44),9),50),(2,10))),(66,22)))))));
(1,(16,(((((23,(((49,41),32),(56,(28,(4,13))))),(19,((18,65),(72,42)))),2),(83,(98,85))),(((15,(((((20,((76,81),((92,(99,78)),96))),(35,((68,(59,5)),(0,34)))),((45,(((71,44),((61,27),(9,(38,60)))),64)),((((36,30),7),(63,57)),(((39,6),(69,70)),(55,(46,14)))))),(67,(8,3))),(48,22))),((((52,((62,37),(53,47))),(11,33)),(86,((43,21),(51,66)))),((54,24),((88,(77,(73,75))),(31,(58,(17,25))))))),(((((94,89),(100,(((84,(82,93)),79),80))),(50,(10,(12,40)))),(((91,87),(90,74)),(95,97))),(26,29))))));
(68,((59,5),(6,((69,(((24,(((51,66),28),((((30,(36,((34,0),(3,(67,8))))),(21,43)),(((60,38),(61,(27,22))),(19,(9,44)))),(((81,(((11,(37,62)),(33,(52,(47,53)))),56)),23),(58,(65,(18,(42,72)))))))),((((41,(64,63)),57),((((32,71),48),70),(4,13))),(((99,(96,(78,92))),(86,(76,(75,(77,73))))),((49,25),(17,31))))),(1,16))),((((45,(14,35)),(7,((2,15),(54,(29,26))))),((50,(12,40)),((100,(80,89)),(94,(((84,(90,74)),(95,(((91,(87,(93,82))),(97,88)),79))),(83,(98,85))))))),((20,(46,55)),(39,10)))))));
(34,(68,((30,(36,7)),((96,((54,(26,29)),(15,2))),(((35,((((78,(99,92)),(((84,(74,90)),87),(93,((95,82),(91,97))))),((100,80),89)),(94,(75,(73,77))))),(((55,46),((58,(24,(10,40))),14)),(31,((17,49),(41,25))))),(((((71,9),44),((86,(51,66)),8)),(((((((81,(56,(((11,52),(37,62)),((53,47),33)))),(59,5)),(((23,(13,76)),(64,(57,(19,63)))),(79,((85,98),(88,83))))),(32,0)),(27,(4,28))),((39,(69,6)),(20,(16,1)))),((61,(22,(38,60))),70))),((48,((3,67),(12,50))),(45,((43,21),((65,18),(72,42)))))))))));
(96,(99,41,45,44,57,64,78,12,50,2,((34,14),(((((((((28,(4,13)),(20,(0,90))),((71,(75,(77,73))),(30,40))),((16,1),(74,((((82,93),(((87,97),(95,((98,85),(88,83)))),79)),91),84)))),((38,60),(66,51))),((61,(17,(48,23))),(((((68,((62,(((11,52),(37,(47,53))),33)),6)),((((86,((8,(67,3)),(32,(5,(76,((42,72),(65,18))))))),36),(59,54)),27)),(((7,(58,((43,21),22))),(63,19)),70)),(15,((24,56),(69,39)))),((55,46),(31,25))))),(9,10)),(((89,(80,100,94,81)),(49,(29,26))),35)),92))));
(7,((36,(23,30)),(55,(((17,((63,70),((67,8),(3,5)))),34),(((15,(14,86)),(((((((45,35),46),((20,(69,6)),39)),(24,((((18,76),(12,(50,40))),56),(66,(43,21))))),((78,(92,96)),(((32,0),(((((11,33),((37,(47,53)),62)),52),(28,(13,4))),(54,(26,29)))),(68,99)))),10),2)),(((57,64),(19,65)),(((((((59,81),(77,(75,73))),16),1),((48,(49,(41,(25,31)))),(((((((85,98),(83,88)),90),74),((80,100),(94,89))),((((97,91),93),(82,95)),79)),(84,87)))),(((61,71),(22,(((27,9),60),44))),38)),(58,(51,(72,42))))))))));
(89,(((((78,92),99),(96,(94,(80,100)))),((97,(93,82)),(((84,(90,(91,74))),((83,88),(85,98))),(95,(87,79))))),((81,(75,(77,73))),((((7,23),(68,(5,59))),((56,(86,63)),30)),((((10,((((6,55),(46,(69,39))),(14,45)),((58,48),(17,((25,31),(41,49)))))),((50,(40,12)),(((((37,(11,62)),(52,(53,47))),(2,(15,35))),(((0,70),(76,(33,32))),((29,26),((54,((65,18),(42,72))),(51,(66,(43,21))))))),(20,(34,36))))),((16,1),((((38,60),64),((19,57),(44,(9,71)))),((22,61),(((28,(4,13)),(67,8)),(27,3)))))),24)))));
(22,((100,((73,77),75)),((61,24),(((38,(60,20)),(71,(44,9))),(30,(((10,(50,(40,12))),(((70,6),(((55,45),69),((39,32),46))),((33,((62,((53,47),(52,(37,11)))),76)),((((72,42),(65,18)),27),(36,7))))),(((((((23,(63,19)),(31,58)),(54,(2,(15,(29,26))))),(35,14)),(((17,(25,(49,41))),48),((21,43),(51,66)))),((3,(64,57)),(67,8))),(((92,(78,1)),((68,(59,5)),(16,(56,(99,96))))),(((((13,(28,4)),(88,83)),34),(0,86)),(((81,94),(89,95)),(((90,(((97,(93,82)),91),(84,74))),((85,98),(79,87))),80)))))))))));
(100,((96,(94,89)),((80,23),(((48,(49,(41,(17,(25,31))))),((16,1),(7,30))),(((45,(14,35)),(((10,(46,40)),((12,((20,(6,39)),(69,55))),50)),((15,70),((64,(57,(22,63))),(61,(44,(71,9))))))),(((((33,(((53,47),11),(52,(37,62)))),((((((93,82),79),(95,(87,(97,91)))),(88,83)),(98,85)),((27,19),32))),((((38,60),(66,(43,21))),((28,(13,4)),((68,(5,59)),((3,8),(58,51))))),((99,((77,(73,75)),(78,92))),((((36,81),(0,67)),(76,56)),((18,65),(42,72)))))),(34,(86,(84,(74,90))))),((2,(54,(26,29))),24)))))));
(97,(((74,90),87),((84,(83,(88,85))),(79,((6,((55,20),(46,70))),(((95,((44,38,60),(9,71))),((93,82),(91,(86,36)))),(((58,((5,(59,68)),(33,76))),(((((63,64),(((8,67),3),(27,34))),77),(((22,61),(12,40)),(98,0))),(48,(54,23)))),((((49,(31,(25,(17,41)))),(100,(94,89))),57),(((1,(32,((42,72),(65,18)))),(45,(39,35))),((((15,2),(29,26)),(96,10)),((((75,73),((50,(81,(66,(51,(43,21))))),(53,((52,47),(11,(62,37)))))),(78,80,24,69,14,16,56,19)),((99,(92,30)),(7,(28,(13,4)))))))))))))));
(25,(41,((31,17),((((54,29),26),((32,99),(56,(1,16)))),((((96,(78,92)),((18,(65,(42,72))),(36,(30,23)))),((35,70),2)),((24,15),((((10,((12,50),40)),((51,66),((34,19),((28,(13,4)),63)))),((((7,(64,(57,(8,(3,67))))),((69,39),(14,(59,(5,68))))),((((((75,(77,73)),(76,81)),(0,20)),(49,((89,100),(((((84,(74,90)),(79,(97,87))),94),((88,(98,85)),(83,(82,(91,(95,93)))))),80)))),((62,52),((53,(47,11)),(37,33)))),(86,(27,(21,43))))),(6,(((9,(71,44)),(60,38)),(61,22))))),((46,55),((48,58),45)))))))));
(67,(8,((((((64,7),((60,38),(9,(71,44)))),(22,((65,((42,72),18)),(87,58)))),((((45,(48,(41,(49,(17,(25,31)))))),(68,59)),(19,63)),57)),(3,(61,24))),((54,10),((99,(96,(78,92))),(15,((((5,(((86,(46,(6,39))),(35,14)),(55,(20,69)))),(((((70,1),((53,47),(33,(52,(11,(37,62)))))),((0,(28,(4,13))),(16,((36,23),((27,76),(((66,(21,43)),(51,32)),(34,56))))))),30),(75,((73,77),81)))),((29,(26,12)),(((84,(79,((((85,98),(88,83)),(95,(97,(91,(93,82))))),(74,90)))),((89,94),(80,100))),(40,50)))),2)))))));
(89,((100,80),((46,55),(24,(((((((17,(41,(25,31))),(48,58)),0),56),((94,20),(66,51))),((2,(36,(5,59))),((((90,(84,74)),(87,(79,97))),(((88,83),(85,98)),(91,((93,82),95)))),(6,(39,(32,69)))))),(((45,((50,(((40,12),(35,14)),10)),(1,16))),(((((75,(73,77)),((76,81),(((96,99),92),78))),((63,70),(86,((3,23),(29,(54,26)))))),((53,((37,62),(33,47))),(52,11))),((((13,4),(28,(((38,60),((27,61),(44,9))),(57,((64,(19,(8,67))),(((18,(65,(42,72))),(49,34)),71)))))),(22,(43,21))),(7,30)))),(68,15)))))));
(70,(24,((14,(46,(55,39))),(((((51,((45,(31,(25,(49,41)))),((17,48),58))),((10,(50,(12,40))),(32,86))),(((95,((85,98),(88,83))),((91,97),((82,93),((87,79),(74,(84,90)))))),((80,100),(89,94)))),6),((((((77,73),75),(66,(21,43))),((5,68),59)),((72,((4,13),((62,(37,(11,52))),(33,(53,47))))),(((7,((38,60),(22,(44,(71,9))))),(61,((64,(63,3)),((67,8),(19,57))))),((28,(((1,16),((92,78),(99,96))),((81,76),27))),(((56,34),(65,(18,42))),((30,(36,23)),(35,0))))))),((2,(15,(54,(29,26)))),(20,69)))))));
(40,(50,(((13,(28,4)),(25,(31,(41,(17,49))))),(((((0,8),(27,(33,(11,((37,62),((53,47),52)))))),(65,(18,(42,72)))),9),(((((((94,89),(((88,((82,93),((98,85),83))),(91,(97,95))),(84,(90,74)))),(21,43)),(((77,73),75),(((((69,70),(((((6,54),15),2),(26,29)),39)),(46,14)),(63,(57,64))),((68,(34,(59,5))),55)))),35),(((87,79),23),(20,(32,19)))),(30,(((80,(36,(56,((16,(76,(67,3))),((71,58),1))))),(((22,(48,81)),(24,12)),(((86,(51,66)),(99,(92,(78,96)))),44))),(61,38,60,7,45,10,100))))))));
(10,((59,26),(((21,43),51),(((86,34,68,7,66,48,15,2),(((0,((31,(25,17,58,45)),(96,(99,78)))),(((16,((12,(40,50)),24)),1),((56,(37,((11,52),(53,47)))),((80,(87,79)),((90,(91,(97,(95,(93,82))))),((74,84),(98,85))))))),((((29,(((49,(92,41)),5),33)),((30,((28,(13,4)),((((55,46),(70,14,35)),(32,(20,6))),(69,39)))),((27,(65,(72,42))),(23,(((81,(75,(77,73))),76),(83,88)))))),61),(60,38)))),(((54,(100,(((3,(67,(22,(63,((57,64),19))))),(8,(71,(9,44)))),(94,89)))),(62,18)),36)))));
(46,((55,6),(24,(((((86,(64,57)),(48,(58,14))),35),(((((68,(34,63)),(59,5)),(0,19)),81),(3,(8,67)))),(((56,(38,(1,16))),(((22,61),((43,21),(66,51))),((95,(100,80)),((77,(75,73)),(92,(78,(99,96))))))),((10,(39,69)),((2,(15,(54,(29,26)))),((71,(9,44)),(((12,40),(17,(49,(41,(25,31))))),((20,32),((45,((30,60),7)),((((79,((93,((82,(91,97)),((85,98),(88,83)))),(87,(74,90)))),(84,89)),((23,36),((94,52),((70,(((37,62),(11,(53,47))),(27,(33,(76,(4,(28,13))))))),((72,42),(65,18)))))),50))))))))))));
(94,((66,(43,(21,51))),((87,14),(((((86,(81,(54,48))),(60,38)),(89,((((72,42),(18,65)),(58,(17,(25,31)))),(((98,85),(83,88)),((97,91),(95,((82,93),79))))))),(10,(35,(36,(29,26))))),((((((84,70),((0,((52,((62,37),11)),((47,53),33))),(((49,41),(23,(5,59))),(75,(73,77))))),(((64,(19,63)),(8,(3,67))),((32,(28,(13,4))),((44,(71,9)),27)))),76),(45,(20,((61,(6,(39,69))),(46,55))))),(((74,90),2),((57,(((68,(50,(40,12))),34),22)),((1,(((16,56),(30,7)),(78,(92,(96,99))))),((24,(80,15)),100)))))))));
(86,(34,((3,(59,5)),((((54,(37,(52,(11,62)))),(12,63)),(((33,(47,53)),(16,1)),0)),((((7,48),(68,((49,17),(41,(25,31))))),(19,30)),(((((45,((((99,96),(74,(84,89))),((24,90,80,6,14,75),((20,(70,73)),((100,((((97,((95,(82,93)),91)),((85,98),(79,87))),(81,(92,78))),(76,(88,83)))),58)))),(77,(35,(94,(26,29)))))),((65,(42,(18,72))),23)),((((38,(27,61)),(22,(60,44))),9),71)),((67,8),(((32,(39,(69,(46,55)))),(66,(51,(21,43)))),(28,(13,4))))),(((50,10,2),(64,(36,(56,15)))),(40,57))))))));
(78,((92,(96,99)),(((39,69),(12,40)),(((14,15),((61,(2,22)),(30,36))),(((((((48,((49,(17,(31,25))),(41,58))),(7,1)),(((57,64),((19,63),(3,(8,67)))),((71,9),44))),(45,26)),(56,((((23,86),((((38,60),32),(((0,(34,70)),(28,(13,4))),16)),(65,(18,(72,42))))),(76,81)),((((37,62),(53,47)),(33,(52,11))),(51,(66,(43,21))))))),((35,((10,27),((29,(50,(73,(77,75)))),54))),(89,((95,(((91,(82,93)),(97,(87,79))),((88,83),(85,98)))),(((80,94),(84,(90,74))),100))))),(((68,(5,59)),((46,(55,6)),20)),24))))));
(99,((56,((84,(((80,(94,91)),(100,79,87,95,97,89)),(74,90))),(88,((98,85),83)))),((86,(93,82)),((24,30),(((((17,67),(69,(96,48))),(9,44,57,64,58,49,41,1,36,7,2,29,15,6,32,39,55,46,20,75,73,3,38,60)),61),(((((((40,12),26),71),(35,(14,45))),(8,((66,51,43,21),(4,13)))),((54,19),(81,(70,((72,42),(0,27)))))),((((23,(63,22)),(((65,18),34),((59,5),(10,50)))),((((78,92),((53,47,62,37),52)),77),(((11,(33,28)),(76,68)),(25,31)))),16)))))));
(68,((((((34,(36,0)),(33,(37,(62,(52,(11,47,53)))))),((38,60),(3,(70,(28,(13,4)))))),48),(((23,(75,(73,77))),99),((88,(83,(98,85))),((82,(97,(91,(79,(95,87))))),93)))),(((((89,94,78),(92,32)),64),10),(((1,56),(16,(96,(81,76)))),(((((51,66),(21,43)),((24,57),19)),(((49,17,58),(14,(25,(31,45)))),35)),(((30,42,86),(((90,74),((84,100),80)),((9,((71,44),22)),((8,67),41)))),((((15,6),((2,69,55,46,7),((29,54),(20,(72,(26,(18,65))))))),39),(63,(((27,((40,50),12)),61),(59,5))))))))));
(10,(((21,(43,51)),(1,0)),((((96,24),(55,46)),(((((((69,39),(83,(33,((37,(62,47)),(11,(53,52)))))),6),((92,78),99)),((((((91,95),(79,(97,66))),((50,(12,40)),(2,5))),(81,(84,20))),((((15,((23,68),(((87,41),((72,((18,65),42)),(34,27))),22))),(74,89)),((36,(64,((3,(8,67)),(30,(61,57))))),((((19,56),(93,(88,(98,85)))),((13,4),(86,(32,28)))),((7,(63,76)),(54,(29,26)))))),90)),(82,70))),(35,14)),(45,(58,(48,(17,(49,(25,31)))))))),((59,16),((((94,73,77),75),(80,100)),((60,38),(9,(44,71))))))));