(80,((((95,97),((91,(82,93)),((79,87),((84,(90,74)),(88,(83,(98,85))))))),(100,(94,89))),((64,14),((((2,(24,(16,(56,1)))),(((((57,(8,67)),((36,23),(((9,54),71),44))),((30,(75,(73,77))),((38,(60,61)),(7,(49,41))))),(51,(66,(43,21)))),((((11,(62,37)),((47,53),33)),(19,(27,28))),58))),(35,(92,((99,96),78)))),((((((0,(13,4)),(22,52)),32),(((3,((72,42),(65,18))),86),((63,(76,81)),(25,(17,31))))),(15,(29,26))),(((6,(39,(69,(55,46)))),(40,(12,50))),(45,(((70,20),(68,(59,(34,5)))),(10,48)))))))));
(86,((99,((((92,78),96),(((90,74),84),((79,(87,(83,(88,(98,85))))),(91,(95,(97,(82,93))))))),100)),(((68,(34,(59,5))),(3,(67,8))),((((80,((58,(17,(41,49))),(23,89))),((((((11,((52,((37,62),47)),53)),56),(24,1)),16),((42,72),(18,65))),7)),(19,57)),(((10,(13,4)),(((((33,(32,((31,25),48))),(69,45)),((46,55,39),(20,6))),14),(((77,(73,75)),(76,81)),(40,12)))),(((50,64),((((27,38),(61,(35,44))),((22,60),(71,9))),((51,66),(36,63)))),((2,((26,29),15)),((30,(21,43)),(((70,54),94),(28,0))))))))));
(51,((43,21),(((15,17),25),(((61,27),(60,(38,(3,(67,8))))),((2,48,41,89,90,74,75,77,73),((86,(40,((50,12),10))),(((((59,(68,(45,(14,35)))),(56,((16,1),24))),(((((34,69),((64,(19,(63,57))),(84,(0,(26,29))))),(54,58)),(32,5)),((4,(13,28)),(((53,47),(11,52)),(33,(62,37)))))),((((70,((55,46,39),20)),((23,6),(36,(30,7)))),((((42,72),(18,65)),66),(81,76))),(((9,44),(71,22)),((95,((97,79),(91,(((98,85),(88,83)),(82,(87,93)))))),(31,49))))),((94,((78,92,96),99)),(80,100)))))))));
(57,((64,(63,59)),(((67,8),3),(((33,(47,53)),(34,((37,62),(52,11)))),(((28,(4,13)),(81,((73,77),75))),(((1,16),(45,(20,(71,9)))),((((17,(32,((6,69),39))),((25,31),(((41,(19,(49,(((42,72),(65,18)),(56,23))))),(58,(12,36))),(48,21)))),(((78,((((((98,85),(96,76)),((91,97),(95,(83,88)))),87),(84,(90,74))),((93,82),(89,94)))),(79,(99,92))),(35,((51,43),(66,86))))),((14,10,50,44,60),(((((61,0),((((29,27),(70,(68,5))),30),7)),(26,(54,(15,2)))),(24,55)),((46,22),(38,((100,80),40))))))))))));
(7,((26,29),((((((62,37),52),11),(47,53)),((1,16),(24,33))),((30,(36,23)),(((55,46),(2,(61,(75,(77,73))))),((((58,((35,((14,(20,34)),45)),(10,(12,(40,50))))),(((86,0),70),(32,(17,(49,41))))),(((6,(39,69)),(81,((78,92),(99,96)))),(((((89,84),((((87,79),(97,(93,91))),(90,74)),((85,98),(95,(83,88))))),(80,100)),94),((((56,(27,76)),82),(25,31)),(48,9))))),(((((18,(42,72)),65),((66,(28,(13,4))),(51,(43,21)))),(((3,(8,67)),(64,((22,(60,38)),(57,(19,63))))),(54,(68,(59,5))))),((71,44),15))))))));
(64,(((1,(24,16)),((51,(21,43)),(56,((((91,(88,79)),(85,98)),90),(84,34))))),((((((55,46),((39,(6,69)),((50,40),(((14,35),10),12)))),(((((67,8),7),(19,((((27,((13,4),3)),86),((31,(17,25)),(99,0))),(41,49)))),(28,(((74,(83,(87,(97,((93,82),95))))),((70,20),(75,((42,72),(18,65))))),(30,(23,36))))),66)),((45,(48,58)),(2,((54,15),(96,(78,92)))))),(((33,(53,(47,(52,((37,62),11))))),((59,(5,68)),((100,((63,(29,26)),(32,((73,77),(76,81))))),(80,(89,94))))),((22,(44,(71,9))),61))),(57,(60,38)))));
(71,((43,(66,21)),((97,(79,(93,20))),(((((46,(55,(60,38))),(10,(7,(82,84)))),((((((2,(24,(((75,1),(9,44)),22))),45),(6,(69,39))),(14,15)),(19,68)),(40,(57,64)))),(((27,95),(((18,(65,(72,42))),(63,5)),(94,(32,34)))),((100,((59,((48,(33,3)),(((83,88),((28,13),4)),76))),(((85,98),(11,(47,(52,((62,37),53))))),(((((49,41),(35,70)),(((17,(25,31)),((90,74),(67,8))),(51,0))),(36,(23,30))),(58,(((26,56),29),81)))))),(89,(16,(50,12)))))),(((96,(92,(78,99))),((((91,87),54),61),86)),(80,(73,77)))))));
(8,((3,67),((64,(57,19)),((((20,(69,39)),55),(46,6)),((((((24,35),30),((((32,(17,((25,31),(41,49)))),(((((95,(((82,93),91),97)),(((98,87),79),(85,(88,83)))),(84,(90,74))),81),23)),((44,(71,9)),(61,27))),7)),((96,92),((77,(75,73)),78))),(((36,((100,80),(89,94))),((28,70),(76,(33,(65,(72,42)))))),2)),((((68,((58,(4,13)),(22,(48,(59,5))))),(10,(60,38))),((((21,(66,(43,51))),14),(34,(54,(15,(26,29))))),((18,0),((99,(52,((53,(37,62)),(11,47)))),((1,16),(56,63)))))),((45,86),(50,(12,40)))))))));
(68,((5,59),(((38,60),((89,(16,1)),((((((19,(64,57)),24),((61,(99,(96,(92,78)))),(((((71,(39,69)),(20,48)),6),(35,(45,((75,(73,77)),(34,((17,(31,25)),(49,41))))))),(29,58)))),2),(((((0,((42,72),(65,18))),(23,30)),((27,(3,56)),((((43,51),66),21),32))),((((((81,(9,22)),(33,((62,37),((52,11),(53,47))))),(((76,(28,(4,13))),86),(54,26))),44),(50,(12,40))),(63,((94,(36,70)),(8,67))))),(15,14))),(((80,100),10),(93,(((90,(74,84)),82),(((88,((98,85),83)),(95,(79,87))),(97,91)))))))),(7,(55,46)))));
(94,(89,((100,((95,(((91,97),(93,82)),(88,(87,(56,(0,(85,(98,83)))))))),(79,(84,(74,90))))),(((71,44),(3,(67,8))),((((24,15),((54,(29,26)),2)),(((35,(68,58)),14),(45,(59,5)))),((((((16,((55,46),(50,(40,12)))),10),(57,((19,63),(22,64)))),(61,(((23,27),(34,(4,13))),66))),(((((6,((39,32),((49,(17,(31,25))),(48,41)))),(69,20)),70),(1,((9,(((51,(21,43)),((80,(((78,(75,(73,77))),96),(99,81))),(76,(86,(33,92))))),((37,((11,(62,(47,53))),52)),28))),((65,18),(72,42))))),(60,38))),(7,(36,30))))))));
(23,((28,(4,13)),(19,((33,(((37,62),(53,47)),(11,52))),(34,((((6,((((80,100),(((88,(98,(85,83))),(79,87)),((90,74),((95,(97,((82,93),91))),84)))),(67,55)),46)),(44,(32,(69,39)))),0),((((75,(73,77)),(81,76)),(94,89)),(((((29,(54,26)),15),((16,1),(((86,49),27),((17,41),(58,(31,25)))))),((63,((66,(51,(43,21))),(42,(18,(72,65))))),(36,30))),(((((92,(78,96)),64),(2,57)),24),(((7,((61,22),(((45,35),(48,(14,9))),99))),((((60,38),(20,3)),((70,(40,12)),(50,10))),(56,71))),(8,(68,(59,5)))))))))))));
(97,(91,(((83,(88,98)),(93,82)),((54,26),((16,(59,5)),((78,((41,(68,(86,94))),(56,49))),(((96,92),(((((((((25,(17,31)),(63,36)),(((33,((37,(62,11)),(52,(47,53)))),(((13,4),48),(28,((65,18),(72,42))))),99)),(((34,32),(3,(8,67))),70)),(38,((77,73),75))),((87,(79,95)),(((((44,71),60),(45,(39,69))),(9,(90,74))),89))),((57,80),((55,(6,(14,24))),((((12,(66,(51,(43,21)))),((10,50,40),(35,(1,19)))),(((61,81),27),22)),(46,20))))),(15,(29,2))),(64,100))),(((30,(23,7)),76),((85,84),(0,58))))))))));
(89,(80,100,(94,(((22,96),(78,(((90,84),(88,(83,(85,98)))),(99,92)))),(16,(((24,((((74,(((91,(97,(82,93))),95),(79,87))),((52,(62,(37,11))),(33,(47,53)))),65),0)),(86,(54,10))),(((((34,(81,1)),76),(36,(27,23))),((59,(5,68)),(12,40))),((2,15),(((((26,29),(50,(44,(71,9)))),((56,(8,67)),(((7,(48,((14,((35,(58,(32,17))),((46,55,69,39,20),6))),((31,25),(41,49))))),((57,64),((((72,42),18),((28,(4,13)),(70,19))),((63,(60,38)),(61,(66,(51,(43,21)))))))),(3,30)))),(77,73)),(75,45))))))))));
(24,(((((64,26),(7,(23,(36,30)))),(57,(19,63))),(16,1)),(((15,(49,((6,(69,39)),(((99,(96,(78,92))),((5,20),((61,27),(34,70)))),((22,(0,32)),(((52,47),(37,((11,62),(53,33)))),(((42,72),(18,65)),(76,(4,13))))))))),(((86,((((75,81),73),77),(((88,(83,(85,98))),((95,(97,(91,(82,93)))),(79,87))),(100,((84,(90,74)),(89,(94,80))))))),(((44,(71,9)),(60,38)),(28,(14,35)))),((46,55),(2,(54,29))))),((((((12,10),((40,50),(59,68))),56),(51,(43,21))),(8,(67,3))),(((58,(25,31)),(48,(41,17))),(45,66))))));
(86,(64,((((24,((43,21),22)),(2,(46,55))),15),((((30,((16,(1,94)),(57,(63,((8,67),3))))),((((61,((71,(9,44)),(((76,81),(0,70)),(32,(13,4))))),((((51,((36,(38,60)),35)),(((28,19),(((95,(((82,93),(84,90)),(88,(83,(98,85))))),(100,(((77,73),75),(97,(74,91))))),(87,79))),(48,((17,(25,31)),(58,(41,49)))))),(((((7,(80,89)),27),(66,(65,18))),(33,(11,(52,(37,(62,(53,47))))))),(68,(((5,50),((40,12),10)),59)))),(92,(96,(99,78))))),(14,(54,(29,26)))),((34,6),(69,39)))),((23,(56,20)),(72,42))),45))));
(66,((51,(43,21)),((36,35),(7,((19,15),((((((41,49),(58,17)),30),16),((8,67),((18,(23,54)),(3,65)))),(((44,((24,(1,(5,59))),(((71,9),0),(50,(86,(40,12)))))),(((22,61),((((87,84),94),((((79,((95,(93,82)),97)),((98,85),(83,88))),((100,(90,74)),((91,89),80))),((78,(96,99)),92))),(((((48,(56,(33,((53,47),((11,52),(62,37)))))),(25,31)),(42,72)),(((28,(13,4)),(68,27)),64)),81))),34)),((((76,((77,73),75)),(63,(((69,((6,70),(39,32))),20),(55,46)))),(38,(29,26))),(14,45,10,57,60,2)))))))));
(66,((51,((13,4),(21,43))),((99,(76,(56,48))),(((((84,(89,94)),((87,(82,93)),38)),(60,58)),14),(2,(((59,(((16,((((73,(75,77)),(17,(100,80))),61),(((3,20),(71,(44,9))),6))),(24,((55,((22,15),46)),(39,69)))),(10,(50,(12,40))))),((5,45),((34,68),1))),((((96,(23,(74,90))),95),(((85,98),(79,(78,((29,26),92)))),(91,97))),((81,(19,(57,((63,(27,64)),((((35,((83,88),36)),(65,(18,(72,42)))),(((0,(28,54)),((67,8),(70,(32,(47,(62,37)))))),((52,11),(53,33)))),((25,31),((30,7),(49,41)))))))),86))))))));
(16,((((((44,(9,71)),((22,(61,(60,38))),(3,(63,(57,64))))),((43,(66,21)),(4,28))),((40,10),(12,(50,51)))),(15,2)),((((95,((((91,93),82),97),((87,((83,88),(85,98))),79))),((89,94),80)),20),((86,((49,7),((32,(39,69)),(55,(6,46))))),((((((75,(73,77)),(92,(100,81))),((34,76),(26,(29,54)))),(27,((24,41),((33,70),(68,(59,5)))))),(((((42,72),(65,18)),(56,1)),((13,23),((99,(78,((84,(74,90)),96))),(67,8)))),(30,36))),((14,(45,35)),((((62,(47,((11,37),(53,52)))),(48,(17,58))),(0,(31,25))),19)))))));
(2,(15,(6,((((68,(48,(((10,35),45),(((58,(31,(17,25))),(41,49)),14)))),(55,7)),((64,(86,(24,((8,67),(((78,92),(89,(99,((77,73),75)))),96))))),((((26,(((72,42),(65,18)),(5,59))),(9,(44,(71,(60,38))))),61),46))),((((20,22),((29,(70,19)),(39,69))),(((((94,(50,(40,12))),(95,((((90,84),74),(98,87)),((91,(93,82)),(97,((85,(83,88)),79)))))),((28,(4,13)),((11,(62,37)),(33,(52,(47,53)))))),(81,(((30,(23,36)),(((32,34),(0,(76,56))),21)),63))),(16,1))),((((66,(43,51)),(57,(27,54))),(80,100)),3))))));
(55,(46,(((29,(24,(1,16))),(34,(68,(59,5)))),((((50,(40,12)),54),(7,81)),((2,((35,(58,(48,((41,49),(31,(17,25)))))),(14,45))),((((((6,(39,69)),20),(((72,42),(66,(51,43))),((3,(64,(57,(8,67)))),(63,19)))),((((38,60),22),(((27,(18,65)),61),44)),(9,71))),(((92,78),((80,(100,((((87,(83,88)),(84,(74,90))),((85,98),((97,79),(91,(95,(93,82)))))),(94,89)))),96)),(99,((73,77),75)))),(((((((11,52),(47,53)),(33,(37,62))),((21,(32,0)),(86,((28,(13,4)),70)))),(76,56)),(30,(36,23))),((26,10),15))))))));
(61,((27,22),((9,(44,71)),(((99,((78,92),((77,(75,73)),96))),(57,64)),(15,(((2,((((98,85),(((65,18),42),72)),(34,(66,(51,(43,21))))),((38,(60,(28,(13,4)))),(30,(70,(23,(36,7))))))),((80,(24,(((((((95,(87,((83,88),79))),(((((62,37),(52,33)),11),(47,53)),76)),((49,41),(17,(25,31)))),56),(1,16)),(54,(29,26))),(63,(81,(67,0)))))),((59,(35,(89,(3,8)))),(19,58)))),((100,(((((93,82),(91,97)),(86,(84,(90,74)))),(((69,39),(6,(20,(55,46)))),((40,50),12))),(32,94))),((45,14),(10,(68,(48,5)))))))))));
(17,(((25,31),(41,49)),((45,(91,((97,((100,(74,90)),80)),(94,89)))),((((63,(88,(85,98))),(23,(36,30))),61),(((12,(10,40)),(50,((77,73),(75,70)))),(((1,((68,(9,71)),(59,5))),((22,79),((((((35,((82,(93,0)),95)),((43,21),(51,66))),((65,18),(42,72))),(33,(13,(4,28)))),(87,(27,58))),34))),((((((((((60,38),(19,(64,57))),(44,(67,8))),(29,3)),24),(2,15)),46),(((39,54),((20,86),(55,(32,(6,69))))),7)),(((84,(48,(26,83))),(81,76)),(16,(56,((37,62),(11,(52,(53,47)))))))),(14,(78,(96,(99,92)))))))))));
(38,((60,(27,0)),(((22,61),63),(((((((((94,(77,(73,75))),(100,(80,(89,79)))),((83,88),(((95,(93,82)),(84,(90,74))),((85,98),(91,97))))),((((56,87),(((34,(18,65)),20),68)),(((44,(71,9)),(23,(76,(13,4)))),28)),(66,(43,21)))),((50,40),(5,32))),(((51,(14,81)),(36,(41,(8,67)))),(57,(19,64)))),(58,16)),(((((3,(33,((62,11),(52,((47,53),37))))),((17,(49,(25,31))),(48,12))),(((96,(92,78)),86),((6,(55,46)),(69,39)))),((((26,54),(99,(59,70))),(10,(29,35))),(24,((1,(72,42)),15)))),(2,(7,30)))),45))));
(2,(((26,(29,54)),15),(((57,(64,(63,19))),(10,(60,38))),(24,((((((((92,(((97,(91,(95,(90,74)))),79),(82,93))),((75,(77,73)),(84,83))),80),((94,89),100)),78),96),((((28,(4,13)),((34,((27,22),81)),56)),(58,(87,(99,76)))),((((86,(31,(17,25))),(66,(51,(21,43)))),(32,((72,42),(65,18)))),((48,(0,(88,(98,85)))),(52,(33,((11,(62,37)),(53,47)))))))),(((((50,(12,40)),((6,(70,(69,39))),(46,55))),61),((71,(16,1)),(44,45))),((((68,(5,59)),((30,7),(23,(36,(3,(67,8)))))),(49,41)),(14,(9,(35,20))))))))));
(40,(12,(((20,((((((((67,8,3),((75,(73,77)),((27,((61,(38,60)),(71,(44,9)))),22))),(7,(19,(63,((42,72),(65,18)))))),((64,57),30)),((5,59),(33,(58,(36,23))))),(16,((100,80),(81,((((84,(74,90)),((((95,(83,(85,(98,88)))),(97,91)),79),87)),93),82))))),46),(2,(15,(29,26))))),((((86,1),(39,6)),((((25,(17,31)),(41,76)),45),(96,(92,78)))),((51,((43,21),((28,(4,13)),(32,(99,49))))),(((56,((54,(0,70)),48)),(37,((47,53),(52,(11,62))))),((55,(94,89)),((34,68),(50,66))))))),((24,14,10),(35,69)))));
(20,(((((70,69),46),55),(6,(39,32))),((((71,(31,34)),76),(1,(5,59))),(((58,89),((49,(41,(17,25))),((72,42),(18,65)))),((16,(45,9)),((((10,(61,27)),44),((68,((51,(21,43)),(12,(40,50)))),(14,(35,66)))),((((((78,(23,(0,33))),((96,(73,(75,77))),(92,99))),(86,((48,((11,(52,(62,37))),(47,53))),(28,(4,13))))),((30,(7,36)),(100,(60,38)))),((((85,98),((93,(97,(82,91))),95)),((87,(84,(74,90))),(94,((88,83),79)))),(((81,(3,(8,67))),(57,(64,(63,19)))),56))),(((2,((15,(29,26)),54)),80),(22,24)))))))));
(58,((95,(94,89)),((((49,(((17,(35,14)),((31,45),((((6,(32,69)),(46,55)),20),(39,70)))),(25,41))),((48,(85,98)),68)),((56,(5,59)),34)),(((((((83,88),(91,((((84,100),(74,87)),((79,90),(80,(93,82)))),97))),(1,16)),(((((81,(76,(75,(73,77)))),78),92),99),(50,96))),(((15,2),(54,(12,40))),(24,(((22,(63,(9,(71,44)))),((66,(43,21)),(23,(36,30)))),((7,((18,(65,(42,72))),(11,(((47,53),(62,37)),(52,33))))),((28,(29,26)),27)))))),(51,10)),(0,((((38,(60,61)),((64,(3,(8,67))),57)),(19,(4,13))),86))))));
(99,((38,(86,(96,60))),(((10,((40,(12,50)),(64,(57,(63,19))))),((44,(7,14)),35)),((((78,(((58,41),49),(92,(89,(80,(100,(94,((((79,91),(84,(90,74))),(((87,((98,85),(83,88))),93),(82,95))),97)))))))),(((((((5,59),45),(34,9)),(2,(54,(26,29)))),((51,66),(((27,22),61),(73,(77,75))))),(71,((42,72),(65,18)))),(28,((13,4),(0,76))))),((24,(68,(1,((11,((52,(37,62)),((47,53),33))),(16,56))))),(43,21))),((48,15),(((32,70),(69,(39,6))),(((3,(8,67)),(30,(81,(36,23)))),((20,(46,55)),(25,(31,17))))))))));
(24,((((((12,(40,50)),(((28,(4,13)),9),(((56,0),(81,((42,72),27))),(5,59)))),((((22,19),(57,64)),((((87,79),(91,95)),((84,(90,74)),(97,(82,93)))),((85,98),(83,88)))),((96,((92,(77,(73,75))),(99,(76,78)))),((7,((54,(63,(33,36))),51)),((16,1),((((46,55),20),(39,(69,6))),((45,14),((17,(25,31)),((58,(48,(41,49))),(35,(70,32))))))))))),(((44,(((71,10),(43,21)),66)),(65,18)),(((3,(67,8)),((34,(61,(38,60))),86)),(23,30)))),((2,68),((52,(37,((53,47),(62,11)))),((80,100),(94,89))))),(15,(26,29))));
(51,(34,(14,(2,((46,(15,((10,(26,29)),((20,54),56)))),((55,((((((((100,80),(((90,(74,84)),(95,(93,82))),(((73,77),75),94))),(89,(((98,85),(83,88)),(97,(91,(79,87)))))),(45,35)),(((23,((((96,99),(92,78)),86),((81,(28,(13,4))),76))),(59,5)),((63,(1,16)),24))),(((66,(21,43)),(((17,25),(31,0)),(41,49))),(50,(12,40)))),((38,60),(68,(6,(39,69))))),(48,58))),((7,30),(((36,32),(((33,((53,47),((37,62),(11,52)))),27),((72,42),(18,65)))),(((22,61),(19,(9,((44,70),71)))),((3,(67,8)),(64,57)))))))))));
(45,((14,35),((5,(59,68)),((89,((((82,93),91),((97,(74,79)),(95,((84,87),90)))),(80,(34,66)))),((94,9),(((((78,(96,(44,92))),(((((28,(4,13)),76),(((((47,53),(62,37)),(11,33)),52),(32,((72,42),(18,65))))),(26,(15,(2,(73,(75,77)))))),((99,(69,39)),((((43,(21,51)),(70,71)),(54,29)),((0,(23,81)),36))))),64),((100,24),30)),(((46,((25,(49,41)),(58,(31,17)))),((((50,(12,40)),55),(((56,(63,(98,(85,(83,88))))),(48,(61,27))),(6,(20,(16,1))))),7)),((((3,(8,67)),86),((38,60),(10,(19,57)))),22))))))));
(97,((100,(75,(73,77))),(((((((49,(55,(7,30))),(38,(60,31))),6),69),((41,((58,(94,(85,98))),48)),46)),(((((36,(23,(18,65))),((4,(19,28)),((86,((76,63),(13,(88,83)))),(66,(72,42))))),(33,(52,((53,47),(11,(37,62)))))),(((17,((70,(32,87)),26)),(68,(59,5))),(0,25))),(34,89))),(((57,10),(24,((16,(56,1)),(54,14)))),((((71,((3,(8,67)),(9,44))),64),(((35,45),(((((43,21),51),(22,40)),(39,(96,(99,(78,92))))),(61,27))),((81,(50,12)),((95,(15,29)),((82,93),(91,(79,(84,(74,90))))))))),(80,(2,20)))))));
(49,((((46,55,70,69,10,58,17,34,7,36,16,1,78,92,99),(((18,72,42),(65,23)),(((31,35),24),(41,(40,(12,50)))))),((63,(((2,(94,(68,54))),((30,45),14)),52)),(((25,((43,21),(66,51))),(39,96)),(((90,(85,(83,98))),(89,100,80,74)),(95,(((79,91,97,82),84),(93,88))))))),((((53,47),(76,81)),((48,(((0,((5,59),87)),22),((((77,(73,75)),((((56,((4,13),28)),3),86),(37,62))),(6,(20,19))),32))),(33,11))),((15,(29,26)),((((61,27),(71,44,8,57)),((67,64),(60,38))),9)))));
(40,((((39,69),6),(14,35)),((((10,(24,(54,15))),(20,(2,68))),(((((((((((27,94),34),(0,22)),(67,(8,3))),(26,29)),(23,((50,12),(28,(4,13))))),(58,48)),((56,(86,(49,(41,(17,(25,31)))))),((61,(((38,60),33),32)),(46,55)))),5),((66,(51,(43,21))),((70,7),((82,93),((42,72),(18,65)))))),(((64,57),((44,(9,71)),(63,19))),(59,((92,(78,96)),(((((90,(74,84)),((79,87),((98,(85,83)),88))),(91,(97,95))),((89,80),100)),(81,(76,(75,(73,77)))))))))),(45,((16,1),((30,36),(((47,53),(52,((37,62),11))),99)))))));
(100,(80,((((((95,(84,(87,((98,85),(83,88))))),(90,74)),(97,(82,93))),91),(94,89)),(((43,21),(7,(99,(78,(92,96))))),((51,66),(68,((75,(77,73)),(((57,64),(46,55)),((((2,(16,1)),((14,35),((61,(36,19)),(((58,(48,17)),49),(41,(25,31)))))),(24,(12,(40,50)))),(((((((0,23),((28,(4,13)),70)),32),(((33,(53,(47,(11,(37,(52,62)))))),(9,(56,27))),((81,76),(((63,(72,(18,(65,42)))),5),59)))),(((((3,(67,8)),34),(20,10)),45),(15,(54,(26,29))))),(86,(71,(79,44)))),((6,(39,69)),(30,(22,(38,60))))))))))))));
(81,(((82,((98,85),(83,88))),(((((((59,5),(0,27)),(84,(90,74))),((22,29),(33,(76,87)))),(95,((11,62),(65,(42,72))))),((91,97),93)),(79,26))),(((96,99),(78,92)),(((((47,53),(52,37)),54),48),(((9,(17,31)),(((15,(57,(19,64))),((((((61,(60,38)),((16,((43,21),(51,66))),(71,(63,(3,(8,67)))))),2),(44,(68,(12,50)))),((10,58),(((1,24),7),((14,((45,25),(41,49))),35)))),(56,20))),(40,((6,(55,46)),(69,39))))),(((86,70),(30,34)),(((73,(75,77)),(94,(100,(80,89)))),(36,((((13,4),28),18),(32,23))))))))));
(20,((23,36),(((7,(30,3)),(39,69)),((6,70),((((((2,(15,54)),45),((((((50,(40,12)),(66,(51,(21,43)))),(((16,1),(61,22)),((60,38),(71,44)))),((57,((19,63),64)),(55,68))),((((((99,(96,92)),((84,(90,74)),(79,((97,((87,(82,93)),(91,((98,85),(83,88))))),95)))),((47,(53,((11,52),(37,62)))),(33,56))),(14,(((49,41),(17,(31,25))),(8,67)))),(34,9)),(((81,((80,100),((94,89),86))),78),42))),((10,24),(35,(5,59))))),((48,(75,(73,77))),46)),(26,29)),(((72,(18,65)),((58,(28,(4,13))),(27,32))),(76,0)))))));
(86,(((((69,(55,46)),(((70,20),6),39)),(((((24,56),(16,1)),(((31,25),(17,(28,(13,4)))),(49,41))),((((9,44),(71,(60,38))),(64,((8,67),19))),(40,((63,(23,(33,27))),(((65,18),(42,72)),0))))),((((84,(32,99)),(97,(95,((82,93),79)))),((100,89),(((91,((74,90),87)),94),80))),(96,((88,(83,(85,98))),(78,92)))))),(12,50)),(57,((((((54,(26,29)),(36,((52,47),(62,(53,(11,37)))))),(48,((81,76),(75,(77,73))))),(35,14)),(61,22)),(((7,((59,((58,(5,68)),3)),34)),((45,(15,2)),30)),(10,(66,(51,(43,21)))))))));
(56,(24,(7,((((((90,74),84),(79,(95,((93,82),(97,91))))),(9,(44,(71,1)))),(26,(51,21))),((((15,16),(68,(5,59))),(20,((32,((39,69),6)),(55,(46,70))))),((61,(22,((10,(48,(54,(8,67)))),((42,72),(18,65))))),(((((((76,81),((73,77,75),((96,(78,92)),99))),(27,58)),(57,45,2)),(((12,(40,50)),((30,(17,((66,43),36))),38)),(((64,19),(35,(100,((89,((98,85),(88,83))),(80,94))))),60))),((86,((28,(13,4)),((87,23),(0,34)))),((33,((47,53),(52,(37,(62,11))))),(3,(63,((31,25),(41,49))))))),(14,29))))))));
(69,(6,(39,(((46,55),((60,38),(((71,61),(44,9)),22))),(66,((((((((78,92),(96,99)),((95,(90,74)),(((93,82),(88,(83,(98,85)))),(79,((84,(87,91)),97))))),15),((68,(59,5)),((94,89),((16,1),(((54,((62,52),(33,((11,37),(53,47))))),32),34))))),(24,(2,(57,(64,19))))),(((((((58,(31,25)),(48,(76,81))),(((27,(56,0)),(28,(13,4))),63)),(40,(10,(50,12)))),(((36,86),(3,(8,67))),(17,(41,49)))),((70,((42,72),(65,18))),(23,(51,(43,21))))),((((77,73),75),(100,80)),(7,30)))),((35,(14,45)),(20,(26,29)))))))));
(20,((59,5),(((55,46),(39,(69,6))),((16,1),((35,14),(((36,((29,26),((58,(((31,(17,25)),(49,41)),48)),45))),(54,(2,15))),(((((10,92),(86,((56,68),(96,(99,(23,7)))))),((((((61,((70,9),(27,71))),44),22),(57,(64,19))),3),((((18,(65,(42,72))),((32,(28,(4,13))),(38,60))),((34,(((((82,93),95),((97,(84,(74,90))),(91,((98,85),(88,83))))),(87,((79,76),94))),(81,(((100,80),78),(89,((77,73),75)))))),((12,(67,8)),63))),(30,(66,(51,(21,43))))))),24),(((33,((11,(52,(53,(37,62)))),47)),0),(50,40)))))))));
(86,((26,29),(((35,((45,((((55,((46,70),(20,32))),6),(69,39)),58)),14)),(10,48)),(((((0,34),((56,(16,1)),(50,(12,40)))),(54,((68,59),(((4,13),(24,((62,(52,((37,33),(47,53)))),11))),(5,(51,(66,(21,43)))))))),((2,15),((((61,(49,(17,(41,(25,31))))),((67,28),8)),(65,(18,(42,72)))),((((44,9),71),(((38,60),(22,3)),(63,(64,(57,19))))),(27,((36,23),(7,30))))))),(((81,(99,92)),(96,78)),((79,(((75,(77,73)),(95,97)),((84,(74,90)),(80,(100,(94,89)))))),((85,(98,(83,88))),(87,((93,82),(76,91))))))))));
(49,((17,(31,25)),((58,41),(35,((45,(23,30)),(14,(((18,(42,72)),(51,(((27,44),9),(61,71)))),(((69,(39,46)),(((((59,2),(((40,12),((63,19),(68,5))),(((29,26),(43,21)),(((((52,11),(47,53)),33),(62,37)),((76,(0,87)),48))))),((65,(36,7)),((3,(67,8)),(34,(28,(13,4)))))),(15,((96,(78,92)),10))),(1,24))),((((((16,54),((73,(77,75)),(((79,((88,83),(85,98))),((97,(93,91)),95)),((94,(89,(84,(90,74)))),((100,80),82))))),(((86,81),((99,(70,50)),(56,22))),66)),(32,((38,60),(64,57)))),(55,20)),6)))))))));
(99,((84,(74,90)),(((3,(8,67)),(64,(19,57))),(((12,56),(22,(68,(59,5)))),((78,(54,24)),(((63,66),((97,(91,((82,93),95))),(((85,98),(83,88)),(87,79)))),(((50,(40,10)),86),((((15,((29,26),2)),(1,20)),((30,36),(16,(51,(43,21))))),((((14,35),(((69,6),(39,70)),((46,55),(((23,81),(32,34)),((45,7),((94,76),(17,(49,((25,31),(41,58)))))))))),(((61,(44,(9,71))),(38,60)),(((92,96),((75,(77,73)),(80,(100,89)))),48))),(((28,(13,4)),(27,0)),(((42,72),(65,18)),(33,(((11,52),(62,37)),(47,53))))))))))))));
(1,((6,69),(((((55,(((((67,(63,(57,64))),(8,61)),(60,(38,19))),22),39)),46),(((((58,41),((26,29),(49,(17,(31,25))))),(36,(((99,81),((78,76),(96,92))),((100,80),((89,(88,(98,85))),(84,((90,74),((87,79),(((97,(91,95)),(93,82)),83))))))))),((3,(((86,((18,65),(42,72))),(4,(13,28))),((((27,70),32),(0,54)),(56,94)))),(((((((23,30),(66,(51,(21,43)))),7),(71,(44,9))),(45,(48,14))),2),(35,15)))),(73,(75,77)))),((10,(((5,59),(50,40)),(12,68))),16)),(24,(20,(34,(33,(((47,((37,62),53)),52),11))))))));
(46,((55,6),((69,39),((((((29,15),(54,2)),(67,(((18,(44,(71,9))),65),22))),(((38,60),((34,(59,(5,8))),(10,(68,((50,12),40))))),(((24,86),(((1,33),(53,(11,(52,47)))),16)),((14,(17,31)),((25,(20,35)),(58,41)))))),7),((81,(75,(73,77))),(((((36,(95,0)),((57,64),(19,63))),((((93,82),(91,97)),(99,(((((92,((90,74),84)),79),96),78),(80,100)))),89)),(((87,61),((85,98),(88,83))),(26,(45,((30,43),((((37,62),(70,94)),(((49,(13,4)),((27,28),21)),(32,(72,42)))),((48,56),76))))))),(23,(66,(3,51)))))))));
(30,(15,((39,((50,(65,55)),6)),(10,(46,((61,(38,60)),(((((20,34),(((51,(21,((12,19),63))),((43,(40,(8,3))),((96,((75,(77,73)),(((((78,92),80),(90,(74,(81,84)))),((91,95),(99,(89,(87,((97,(93,82)),79)))))),100))),68))),5)),((54,86),((26,29),(7,67)))),(24,(1,16))),((66,2,57),(((44,(27,(9,71))),((42,72),(52,(((47,53),32),(33,(11,(37,62))))))),(((41,58),(((35,14),(48,45)),(((98,85),(88,83)),(49,(31,(25,17)))))),(((23,(36,0)),(((94,64),((70,(56,(28,(4,13)))),(18,76))),(22,59))),69)))))))))));
(5,((100,(70,(17,(41,(25,31))))),(((63,9),(7,(22,(6,(46,68))))),(((24,((75,73),77)),(((((((35,(56,92)),((13,4),(((84,(74,(85,((88,83),98)))),(90,95)),((82,(97,93)),(87,79))))),60),((81,59),((78,(40,12)),(48,(67,8))))),(((42,72),(65,18)),(14,28))),(((26,71),(89,(99,(76,10)))),(((58,19),((94,(57,(23,34))),(54,55))),(((47,((11,52,62),((33,53),37))),(27,61)),((32,69),((((0,96),(43,((51,21),66))),49),91)))))),(50,39,45,29,64,38,30,20))),(((44,(2,15)),(3,(16,1))),((80,36),86))))));
(44,(71,((9,(60,38)),((61,27),(((((((56,34),(86,(21,43))),((94,89),((80,(81,76)),100))),((65,(18,(72,42))),((((68,(5,59)),((37,62),((11,52),(47,53)))),(0,(32,(28,(4,13))))),((51,66),33)))),(10,(24,(50,(40,12))))),(((35,14),2),((((16,1),((30,36),(7,23))),((75,(77,73)),((84,(90,74)),(19,((((67,3),(88,(95,(97,(79,((87,(93,82)),((98,(83,85)),91))))))),(8,22)),(64,57)))))),(((58,(45,(31,(41,(17,25))))),((20,(48,49)),((69,39),((55,46),(70,6))))),(15,(54,(26,29))))))),((96,(92,(63,99))),78))))));
(44,((24,(1,16)),(((((100,80),(79,(74,(90,84)))),(2,15)),((57,(14,(46,55))),((22,(63,19)),((((20,(40,12)),(10,((68,(5,59)),50))),((((32,86),(((70,56),(27,87)),((66,(21,43)),((9,71),((13,(28,4)),(23,36)))))),(35,(60,38))),(((94,(89,(26,(3,(8,67))))),(((7,30),((95,(93,82)),((88,83),((85,98),(91,97))))),61)),((73,(77,75)),((48,(29,54)),((81,(92,(96,(78,99)))),(18,(72,(65,42))))))))),((((25,(49,31)),(58,(41,17))),((((47,(11,52)),(62,(33,(53,37)))),34),(51,76))),(0,45)))))),((6,(39,69)),64))));
(36,((15,(66,(21,(51,43)))),((((45,((25,(48,(30,58))),(41,(49,(31,17))))),((70,32),27)),(99,(67,(81,78)))),(((((((55,46),((57,((64,3),(19,(26,(63,((72,42),(65,18))))))),(8,(44,(71,9))))),50),(60,38)),(7,(39,((6,1),(69,20))))),((((80,100),(89,(((94,((97,(82,93)),(95,(91,((85,98),(88,83)))))),(79,87)),(84,(90,74))))),(2,(92,96))),((61,22),(14,(10,(12,40)))))),(((16,29),(54,(75,(77,73)))),(24,(((59,68),34),(((23,(86,(5,(28,(13,4))))),(((76,0),56),(11,(((47,53),(52,33)),(62,37))))),35))))))));
(58,((41,49),(((17,(31,25)),48),(((3,(67,8)),(64,(59,5))),(((68,(46,55)),(6,(39,69))),((((30,7),(((21,43),22),((99,(96,(92,78))),16))),(((2,(54,15)),((24,(((0,86),(27,(28,(4,13)))),(51,66))),((((33,63),56),(((72,42),(65,18)),(81,76))),((((((84,(74,90)),94),(83,98)),(((((87,97),(88,85)),79),((93,82),(91,95))),(89,80))),100),((((70,32),61),((37,(62,(11,52))),(47,53))),(29,26)))))),(((36,(((23,(34,45)),20),(35,14))),(((44,(9,71)),(38,60)),(57,19))),(75,(73,77))))),(1,(10,(12,(50,40))))))))));
(60,(38,(((((57,(19,64)),((((((52,11),((18,65),(42,72))),((71,(86,(0,56))),((((87,9),(41,(17,(31,25)))),(48,(13,4))),84))),((49,27),(67,(8,3)))),((((51,(43,21)),79),(((76,81),(((47,(37,62)),(53,33)),(70,32))),22)),(5,59))),((96,63),(91,68)))),(40,66)),(((((55,(6,(69,39))),46),(24,(34,((36,61),(((20,(23,58)),(78,(99,92))),((16,1),(26,12))))))),(14,(45,(30,7)))),(29,((35,(94,54)),(15,2))))),(44,((89,((100,((73,(75,77)),80)),(((95,(93,(74,((88,83),(98,85))))),90),(97,82)))),(10,(50,28)))))));
(5,(59,(68,((3,(8,67)),(((96,10),(34,((54,29),(41,49)))),((36,(30,(24,7))),((((((80,(45,14)),(99,(39,69))),((((76,((73,77),75)),((22,(23,(0,27))),((40,(12,50)),(33,((53,(37,62)),(47,(11,52))))))),15),(86,(26,2)))),(20,(55,46))),(((((89,100),(((58,((90,74),(((93,82),((95,(88,(83,(98,85)))),(91,84))),97))),(44,(60,(38,(71,9))))),((35,87),79))),(((28,(13,4)),(61,94)),(((65,(18,(72,42))),(66,((43,21),51))),((63,19),(64,57))))),(((48,31),17),25)),((92,78),(81,(1,16))))),((70,(32,6)),56))))))));
(22,(61,57,((((24,(71,(73,(77,75)))),((30,7),((60,38),(40,12)))),((((100,80),(89,94)),(15,2)),(((28,(4,13)),(((70,(41,49)),((74,90),((85,98),((88,83),95)))),(48,(27,(42,72))))),((11,(37,62)),((16,(56,1)),(52,(33,(47,53)))))))),((((((86,(((79,87),(97,((82,93),91))),(99,(78,(92,96))))),9),((67,(76,3)),8)),66),(35,14)),(((((((((45,46),(68,(25,(31,17)))),((34,(84,19)),(10,(50,63)))),(20,55)),(6,(32,(39,69)))),(58,((81,0),36))),((5,59),((65,18),(54,(29,26))))),(23,44)),(64,(51,(21,43))))))));
(80,(94,(((((98,85),84),88),((97,(91,(95,(83,(82,93))))),(74,90))),((100,79),((((75,(77,73)),87),(89,81)),(((70,48),((31,25),(0,(28,(13,4))))),(((((36,(29,26)),((11,(62,37)),(47,(52,53)))),(76,56)),54),(((3,(67,8)),((1,16),(58,(41,49)))),((((((10,(((68,(5,59)),(99,(96,(78,92)))),(32,(34,50)))),(7,(12,40))),((((23,45),((63,17),30)),(20,(35,14))),(9,(71,44)))),(((21,43),(66,51)),((((86,22),61),(27,33)),((42,72),(18,65))))),24),((15,(2,(19,(60,38)))),((57,64),((46,55),(6,(69,39))))))))))))));
(59,((5,68),(((((77,73),75),(3,63)),((((84,(74,90)),((97,91),((82,87),(95,93)))),((92,78),((83,88),(79,(85,98))))),((96,(100,((94,89),80))),(58,99)))),(((48,12),(10,(50,40))),(24,(((45,2),((((16,57),((15,64),19)),((1,(38,(60,(44,(71,9))))),(22,61))),((((36,23),((54,(26,29)),(7,30))),((((((47,52),(62,37)),((53,11),33)),(27,(56,0))),76),((28,(13,4)),((42,72),(65,18))))),((((34,14),35),(((17,31),(25,32)),(49,41))),(81,(8,67)))))),(((21,43),(51,66)),(86,(((55,46),(70,(39,69))),(6,20))))))))));
(54,((((15,(20,(55,46))),((59,5),((10,(((34,40),12),((70,(39,69)),6))),((86,(76,32)),(((17,((31,58),(41,49))),25),48))))),((((42,72),18),(99,65)),(28,(4,13)))),(((2,24),(((77,73),75),(56,((81,50),(71,27))))),((((94,((52,11),((47,53),(33,(62,37))))),(84,(74,((90,89),((95,82),(80,100)))))),(9,((92,(78,96)),(68,44)))),((((26,29),(1,16)),(((88,83),((85,98),(79,(93,(91,97))))),((((30,(23,36)),(7,0)),(((19,(3,(67,8))),64),57)),(63,(87,(38,60)))))),((61,22),((66,(43,21)),(51,(45,(14,35))))))))));
(62,(37,11,52,((53,47),((15,(4,(28,13))),((((22,(73,75,77)),(96,(51,54))),(((70,43),(82,(0,(49,(25,(31,41)))))),((26,29),((3,(61,(27,(8,67)))),((72,42),(87,56)))))),((10,66,64,57,63,71,44,60,14,45,34,30,33,20,2,97,79,95,89,80,100,78),(((24,((((18,65),(32,99)),((50,38),((12,40),76))),(19,(69,39,6,46,55)))),(((((68,94),(5,59)),((21,92),(36,((74,90),84)))),((23,(16,1)),(48,91))),(((83,88),(58,17)),(9,7)))),(35,(93,(86,((98,85),81)))))))))));
(81,((75,(73,77)),(((35,(((59,5),10),(((41,58),((12,48),86)),(20,(1,16))))),(6,7)),((55,61),((((68,((((71,(44,22)),9),(19,(34,(57,(63,64))))),((21,43),(66,51)))),(39,(32,69))),(((30,(23,36)),(76,(((49,((65,18),(72,42))),((3,(8,67)),((28,(13,4)),(0,(94,27))))),(70,(56,(53,((33,47),(52,((37,62),11))))))))),(38,60))),(((((96,(((31,(17,25)),(54,29)),99)),(78,(92,((100,79),(89,80))))),(((26,45),24),(((97,(88,(83,(98,85)))),(((93,82),(90,74)),91)),((87,84),95)))),(2,40)),((46,(50,15)),14)))))));
(20,((70,50),(((26,58),(68,35)),((((((6,(32,(69,39))),(45,48)),((14,(((36,((((((100,((((85,98),(88,83)),(79,87)),((91,(95,(93,82))),97))),((90,74),89)),84),(94,80)),(((27,((49,41),(17,(25,31)))),(56,71)),((((47,53),(52,(11,((62,37),33)))),(0,(5,59))),(28,(4,13))))),(23,61))),(21,43)),(30,7))),(((((38,60),(9,22)),44),(((8,67),3),((19,63),(57,64)))),(51,66)))),(15,12,40)),(55,46)),(((((((81,86),76),(92,(96,(99,78)))),29),2),(24,(16,(1,(34,10))))),(((75,(73,77)),(18,((72,42),65))),54))))));
(29,(2,15,45,69,6,55,46,(((20,39),((35,(((((99,92),78),96),14),54)),19)),(((40,((57,64),((9,44),(63,(60,(38,(61,27))))))),(((10,((16,1),(49,31))),((23,86),58)),((((66,(51,(21,43))),(71,(73,(77,75)))),((76,(67,8)),((72,42),((13,(4,28)),3)))),((56,((79,87),((89,((((80,91),(((90,84),74),95)),(97,100)),(94,(93,82)))),((85,98),(88,83))))),((34,81),(50,32)))))),(((((12,(41,(0,48))),(22,70)),25),((24,(59,5)),(36,7))),(((30,(33,(37,((52,62),(47,(53,11)))))),(68,(18,65))),(26,17)))))));
(2,((15,(29,26)),((44,30),(14,(((((51,(48,((41,31),(58,(49,(17,25)))))),(7,(94,63))),((84,79),(1,((92,(78,96)),(100,80))))),(10,(((55,46),(69,39)),(6,20)))),(((((((23,(66,(21,43))),(71,(8,67))),((((((0,(13,4)),((56,33),((72,42),(65,18)))),(70,76)),36),(5,(28,59))),((87,(16,3)),68))),((40,12),34)),(22,61)),(((((52,((62,37),(53,47))),11),54),(((93,82),(32,99)),(86,27))),(((38,64),(89,(75,(73,77)))),(45,(((74,90),((98,(85,(88,83))),(97,(95,91)))),35))))),(((57,19),(50,(81,9))),(24,60))))))));
(14,((45,35),(((7,10),((78,(99,(92,96))),((57,(63,(64,19))),((51,(21,43)),((38,60),(44,(71,9))))))),(((61,(47,(53,(11,((62,37),52))))),(22,48)),((12,24),((50,((((66,((33,(34,(85,98))),86)),((((32,23),(1,16)),(((5,(59,68)),(((18,(72,(65,42))),(0,(4,13))),(27,28))),((3,(67,8)),36))),((75,(77,73)),((((((91,97),((87,79),((93,82),(83,88)))),(84,(90,74))),(100,(76,80))),(95,81)),(89,94))))),((70,(((54,(29,26)),(6,56)),20)),(58,(49,41)))),(46,55))),((15,2),((17,(31,25)),(30,(40,(39,69)))))))))));
(6,(15,((26,45),((((((((59,(56,(5,68))),(28,(4,13))),(63,49)),(18,(42,72,65))),(70,76)),(11,((37,62),(53,(52,47))))),(54,(29,(48,35)))),(((((38,60),(61,44)),((36,9),(71,22))),((25,17),(2,(57,64)))),((((((((78,92),(96,99)),((81,46),((40,(75,(77,73))),(86,(19,20))))),(23,30)),(((33,0),((3,(67,8)),(27,32))),(((94,89),((80,100),((((98,85),(83,88)),(82,(87,79))),((93,(91,(95,97))),(84,(90,74)))))),(24,(1,16))))),(((((21,43),(66,51)),58),(7,31)),(34,(10,(50,12))))),(41,(14,55))),(39,69)))))));
(15,((28,(13,4)),(((56,76),(89,(73,(75,77)))),((0,(18,(72,(65,42)))),((2,(54,(26,29))),(((92,(96,(99,78))),(86,(1,16))),((((95,(((97,79),(91,87)),(85,(98,(83,88))))),33),(51,81)),((14,35),(((67,(8,3)),(((32,27),(66,(21,43))),(7,36))),((((80,((82,93),(84,(90,74)))),94),100),((57,10),(((((((68,(34,(59,5))),(38,60)),((9,70),(71,44))),(20,((((25,41),((17,31),49)),(45,(58,48))),(69,(((39,6),55),46))))),(19,(63,(30,23)))),((61,22),(64,(((11,52),((47,53),(37,62))),24)))),(50,(40,12))))))))))))));
(36,(30,((61,63),(((67,3),(17,(25,31))),((((((((23,32),(66,(51,(43,21)))),(48,((49,81),50))),((29,54),(8,(64,(57,19))))),((5,59),((77,(75,73)),(26,(6,(69,39)))))),((2,(10,(55,46))),(((12,(40,22)),(35,45)),(68,(7,(60,38)))))),((((34,(41,58)),(((80,100),((94,89),((84,((88,83),(98,85))),((74,90),(((87,79),91),(95,((82,93),97))))))),24)),(27,((76,((18,(65,(72,42))),70)),(0,(28,(4,13)))))),((44,(9,71)),((20,14),((96,99),15))))),(((47,53),(33,(((62,37),11),52))),((16,1),((78,92),(86,56)))))))));
(56,(((17,(25,31)),(41,49)),((54,((((83,(98,85)),((74,90),84)),79),(87,0))),(81,((3,(73,75,77)),((((19,16),(34,(29,26))),((7,76),66)),(((((((10,50),(2,(15,55))),((12,1),(59,(5,68)))),(((((((58,(21,43)),(14,35)),((((60,38),((9,71),44)),(48,(((100,(80,89)),(((91,(93,82)),94),97)),((92,78),(96,(99,95)))))),(6,40))),((64,57),(61,69))),((22,(20,(27,32))),(39,((52,(37,62)),(67,8))))),(88,36)),45)),(23,(30,24))),((((72,42),(65,18)),(51,70)),((63,(33,(11,(53,47)))),(28,(4,13))))),(86,46))))))));
(75,((77,73),((99,(96,(92,78))),(((16,1),(61,(80,(100,94)))),((((10,(50,(40,12))),(((72,42),(65,18)),(2,((54,(29,26)),15)))),(((91,(95,(97,(82,93)))),((87,(89,84)),((88,(0,79)),74))),(90,((98,85),83)))),(((22,27),((8,(3,67)),((57,64),(63,19)))),((((((76,81),86),(48,((33,((52,(62,37)),(11,(47,53)))),(36,23)))),(((45,(6,((55,46),(20,(69,39))))),((((70,(56,34)),(59,(68,5))),(32,43)),(66,(21,51)))),(35,14))),(((13,30),7),(((44,(60,38)),(9,71)),((17,((31,25),(41,49))),(58,(28,4)))))),24)))))));
(34,(((41,49),(23,30)),((((47,(33,(53,((62,37),(11,52))))),((32,(0,70)),(81,1))),(24,((77,(73,75)),(((95,(87,79)),(97,((82,93),(((83,88),(85,98)),91)))),((84,(74,90)),(94,89)))))),((19,(57,(64,63))),((38,(60,(3,(8,67)))),(((((66,(51,(43,21))),(40,(((14,((7,36),35)),((10,(48,58)),(50,((5,59),12)))),45))),(56,(((65,18),(42,72)),((76,(28,(4,13))),((44,(71,9)),(61,(27,22))))))),((20,(46,((6,(69,39)),55))),((2,(54,(26,29))),15))),(((86,(17,(31,25))),(16,(100,80))),(68,((99,92),(78,96))))))))));
(8,((3,(12,40)),((((84,((74,90,85,98,83,88,97,91,95,79),87)),(33,((56,16),((47,53,11,62,52,24),(37,1))))),((55,76),(23,7))),((((((25,((58,17,41),31)),94),(28,((36,49),((82,(93,(13,4))),((38,60,44,9),(22,71)))))),((86,(19,81)),(73,(75,(34,((72,42),(65,18))))))),((((2,29,54),(15,26)),(10,(70,(66,(51,(21,43)))))),(67,((39,69),32)))),(((27,35),(50,0)),(14,48,6,46,61,63,64,57,30,45,77,68,59,5,20,99,92,78,96,80,100,89))))));
(33,(36,((23,49),(26,(50,((40,(((60,38),((((84,((82,93),(97,91))),((44,((98,85),81)),((19,(57,(63,64))),61))),((43,21),(16,9))),(35,((45,79),(((99,(96,(92,78))),20),87))))),((15,2),((100,(1,51)),(66,((39,48),(69,6))))))),(((80,90,74),(((73,77,75),(54,29)),((((94,0),(34,76)),(28,(13,4))),(((56,70),(27,((72,42,65),18))),(71,(86,32)))))),(((95,((8,67),(3,22))),(12,(25,(58,(31,17))))),((89,(10,(88,83))),((((30,7),14),24),((41,(((37,(53,47)),(52,(11,62))),(68,(59,5)))),(55,46))))))))))));
(58,(20,((16,(57,((40,12),64))),((((76,(11,(37,62))),((38,60),(84,29))),((70,32),(23,(19,(33,0))))),((((46,6),(55,(39,69))),((35,14),((((34,(36,63)),(48,54)),(10,(51,(66,(43,21))))),(71,((18,65),(72,42)))))),(((15,2),24),(((45,(41,(49,(25,(31,56))))),(((30,26),(3,(8,67))),((50,(28,(4,13))),((5,68),(((52,(53,47)),(((((79,(85,98)),(82,93)),97),(95,(27,(83,88)))),(87,59))),(((94,((((100,96,78),(89,92)),((73,77),75)),80)),90),(74,99))))))),((22,(9,61)),((17,86),((7,(44,(81,1))),91))))))))));
(31,(((65,(18,(42,72))),(28,(4,13))),((76,30),((((51,(21,43)),((((62,37),52),11),(53,33))),(9,(44,71))),((36,(((47,(0,27)),(56,((66,(70,94)),86))),(((((((83,((88,(85,98)),(87,79))),(91,((95,97),(82,93)))),(84,(74,90))),((34,(49,32)),81)),(89,(80,100))),(7,(63,23))),((12,40),(22,(61,(60,38))))))),(((((1,24),(10,(64,57))),((41,(48,16)),(14,(45,(35,(58,(25,17))))))),((67,8),((68,(59,5)),((75,(73,77)),((99,3),(96,(92,78))))))),((19,(20,(55,(46,(6,(69,39)))))),(50,(((54,(29,26)),15),2)))))))));
(8,(67,((37,(52,(11,(53,(62,47))))),(((((61,(((54,29),(15,(2,26))),(((60,38),((45,35),(14,(58,48)))),((40,12),30)))),((77,(73,75)),(51,((71,(9,44)),(66,(21,43)))))),(22,((92,96),(78,99)))),(((((((41,17),(49,(25,31))),(5,3)),((56,(85,98)),(33,76))),(0,((23,(59,68)),((72,42),(65,18))))),63),((19,(64,57)),((((28,(13,4)),27),34),(70,81))))),((((((46,69),55),(20,((32,39),6))),(89,(100,80))),((36,86),(94,(((83,88),((79,87),((97,82),(91,(93,95))))),(84,(90,74)))))),(7,((24,(10,50)),(16,1))))))));
(55,((75,(77,73)),((20,(48,(24,1))),((15,((70,((66,(43,21)),35)),(41,(58,(49,(17,(31,25))))))),(((((6,(39,69)),(((42,72),(65,18)),(2,(54,(29,26))))),(((80,100),(81,86)),((99,(92,(78,96))),32))),((12,10),(68,(59,5)))),(((((((4,13),(67,8)),57),((64,(63,19)),((61,3),(44,((60,38),(71,9)))))),(51,7)),45),(14,((((34,56),30),(((((36,23),0),((87,28),27)),(46,(76,(((98,85),(84,(90,74))),(((83,88),79),(89,(((82,93),94),(95,(97,91))))))))),(33,(53,((11,52),((37,62),47)))))),(22,(16,(50,40)))))))))));
(60,(38,((64,(57,61)),((((15,10),((((46,55),(6,(69,39))),((40,(54,(29,26))),((31,(49,41)),(17,25)))),((14,(45,(35,(58,48)))),((66,43),(51,21))))),(12,50)),((((((((97,91),((82,93),83)),(95,79)),(94,(27,86))),((65,(42,72)),(33,(((62,37),(52,11)),(47,53))))),((24,(1,16)),((34,(5,59)),(18,(((22,(((0,(28,(13,4))),(19,56)),32)),((98,(85,88)),71)),(67,8)))))),(68,(7,(30,(44,9))))),(2,(((((63,23),((87,20),70)),3),(((76,80),(100,(89,(75,(77,73))))),((96,(78,((81,(90,(84,74))),99))),92))),36)))))));
(69,(((55,(6,(51,(43,21)))),((39,(35,50)),46)),(((38,60),(30,(44,(9,41)))),(((((32,((67,8),(3,0))),((47,53),(33,(11,(52,(37,62)))))),(25,((42,(18,65)),72))),(((86,(49,7)),(54,(22,(29,26)))),(((((56,81),(73,(77,75))),94),(((70,76),(23,(34,(28,(4,13))))),58)),(48,(27,5))))),((66,(36,(57,((19,63),64)))),(2,((((((87,(83,88)),((79,(85,98)),(95,(91,((90,(84,74)),(97,(82,93))))))),(61,99)),((100,(80,(1,16))),(78,(92,96)))),((20,(10,45)),(40,(59,(68,12))))),((14,(71,89)),(24,(15,(17,31)))))))))));
(14,((17,41),(58,((6,(45,35)),((((10,55),(69,(39,46))),(1,(((16,(48,(43,(21,51)))),((((((68,(5,59)),63),24),((50,25),30)),(((((89,(100,(79,(83,(98,(88,85)))))),((2,(15,(26,(54,29)))),94)),((82,95),(87,((97,(91,93)),(90,(84,74)))))),(86,80)),(((((0,(31,34)),((70,(49,((72,42),(18,65)))),56)),32),(27,66)),23))),((28,(4,13)),((76,((99,(96,(78,92))),((77,75),(73,81)))),(11,((47,53),((37,62),(52,33)))))))),(((19,22),(61,(((60,38),(44,(9,71))),(3,((8,67),(57,64)))))),(7,36))))),(20,(12,40)))))));
(72,(42,((18,65),((54,23),((((66,(51,(43,21))),((12,(58,40)),(34,((26,29),0)))),(36,(94,((98,85),88)))),(((56,(45,(8,67))),((71,(86,9)),(16,44))),((((((((83,84),(81,(48,(41,49)))),((35,76),((77,92),(100,80)))),(78,3)),(((((((52,((53,47),((37,62),11))),30),((70,33),((28,(13,4)),(32,27)))),7),14),((25,(31,17)),20)),(75,(19,63)))),((99,(89,24)),(96,((((87,79),91),97),(95,((90,74),(93,82))))))),61),((73,1,2,22,60,57,64),((10,((5,59),(68,50))),(38,(((39,69),(6,55)),(46,15))))))))))));
(24,((((16,1),((55,46),(6,((69,39),(30,(36,7)))))),((12,40),50)),((((2,((29,26),(86,(15,(54,99))))),((((66,(21,43)),((51,(28,(4,13))),32)),(10,34)),(((11,(53,33)),((62,37),(52,47))),(57,((((56,(87,27)),((23,3),0)),((((74,((83,(88,(98,85))),(79,95))),90),(89,94)),((97,(93,82)),(91,84)))),(19,63)))))),((61,(38,60)),(((17,((41,49),(25,31))),(((72,42),(18,65)),(48,58))),((44,(9,71)),((8,67),(76,70)))))),(((14,35),((68,(5,59)),((100,(80,(75,(73,77)))),((81,(78,92)),96)))),(45,(22,(64,20)))))));
(35,((94,89),((92,(99,15)),(((((((((52,(53,((11,62),37))),(47,33)),56),26),(((61,(58,((17,41),(25,(49,31))))),(38,60)),(96,14))),(((65,(18,(42,72))),(66,(51,(21,43)))),((48,24),(((((81,76),90),(84,74)),(((((85,98),(82,93)),97),((91,(95,0)),(87,(88,83)))),79)),86)))),(((9,44),(23,71)),30)),(((((((39,(70,(32,(69,6)))),(55,46)),((40,50),(12,10))),((57,(63,64)),(67,(8,3)))),((34,(4,13)),(36,(28,(19,27))))),(22,7)),((100,80),(20,(54,29))))),(((2,(75,(77,73))),(45,(68,(59,5)))),(78,(1,16)))))));
(78,(10,(((75,(77,73)),(30,(26,80))),((((45,((17,(41,(25,31))),35)),(14,48)),((((63,(8,3)),((13,(4,28)),(49,(81,76)))),(22,67)),(7,((((9,71),44),(24,(64,57))),(29,(19,98)))))),((((50,(86,87)),40),((12,70),36)),(((((23,83),((5,59),58)),(16,(89,94))),((1,((33,(52,((53,47),(37,(62,11))))),((27,43),(56,0)))),(55,6))),(((79,(((54,(20,99)),(((21,(51,66)),((72,42),(18,65))),(96,(60,38)))),(32,(69,(68,39))))),((((((88,(95,(85,(82,93)))),91),97),(84,(74,90))),(15,(2,92))),(61,46))),(34,100))))))));
(45,(60,38,2,15,((((((((24,(17,94)),(48,((28,(4,13)),(87,(82,93))))),(23,(5,(73,(75,77))))),((25,31),((63,(29,26)),((58,86),(54,(49,41)))))),((100,(14,(9,(44,71)))),(35,(66,(43,(51,21)))))),((((20,(68,95)),59),((52,(33,((11,(62,37)),(53,47)))),(((97,(((((27,(0,34)),56),3),(((72,42),(65,18)),91)),((98,(88,83)),(36,85)))),((61,57),(76,((8,67),(19,64))))),(22,(16,1))))),(((70,((69,39),32)),((46,55),(10,(40,(12,50))))),(((74,90),(79,84)),((6,81),80))))),(96,99)),((7,(78,92)),(30,89)))));
(1,(16,((14,35),(20,(((63,64),((((54,76),(48,(66,(21,(43,51))))),19),(61,(27,(28,(13,4)))))),((((44,(30,(23,36))),((55,(41,46)),24)),(((86,12),(((11,(37,(47,53))),(33,(62,52))),(31,(58,(49,(17,25)))))),(9,(56,(59,5))))),((((68,71),(22,45)),((((15,2,10),(57,((29,26),(40,50)))),(((0,(34,((42,72),(65,18)))),(70,7)),(((78,100),(92,(96,(75,(77,73))))),((99,((((93,(82,80)),(89,94)),((88,(97,(91,95))),(84,74))),(((83,(85,98)),(87,79)),90))),81)))),((3,(8,67)),(38,60)))),(6,(39,(69,32))))))))));
(29,(26,(((((49,34),((7,(3,(67,8))),(45,(30,((68,(59,5)),((64,57),19)))))),((15,54),(2,48))),(61,((60,38),(44,(9,71))))),(((55,((20,(6,(39,69))),46)),((12,40),(50,10))),(((((16,1),56),(33,((53,47),(52,(11,(62,37)))))),(86,((42,72),(65,18)))),((((36,0),((((((70,(28,(4,13))),(63,27)),76),66),32),(((78,(92,(23,81))),(96,(99,((((89,94),100),80),(((95,(82,93)),(((85,98),(83,88)),((84,(74,90)),(79,87)))),(97,91)))))),(73,(75,77))))),(22,(43,(51,21)))),(24,((17,(25,31)),(58,(41,(14,35)))))))))));
(53,((47,(33,(62,37))),((51,76),(81,((36,(2,35)),(((((((32,70),87),((93,82),(((98,85),83),91))),((16,(0,(19,34))),18)),((48,(49,(17,((31,25),(58,41))))),63)),((((71,(9,44)),(66,((21,43),((42,72),65)))),(((11,(54,26)),(((61,(27,22)),(68,(59,5))),(79,((3,(8,67)),88)))),(60,38))),(4,(28,13)))),((((15,(39,30)),(57,((45,((1,56),((80,100),((89,94),((95,97),(84,(90,74))))))),(((6,46),(20,10)),(14,(55,(69,(50,(40,12))))))))),86),(((75,(77,73)),(99,((96,78),92))),((23,7),(((52,24),29),64))))))))));
(2,((((85,98),(83,88)),(((((90,74),17),(((87,(93,82)),((89,91),((84,(100,((77,73),75))),(95,79)))),97)),59),((51,66),(81,(43,21))))),(((10,((((70,27),49),41),(((0,34),(33,(((11,52),(53,(62,47))),37))),99))),(14,(68,12))),(((((7,(((30,23),((80,63),(5,19))),(50,40))),(58,56)),((64,57),(44,(((60,38),(22,61)),(9,(67,8)))))),((((6,(48,46)),54),(92,55)),(((((86,32),(76,35)),((3,71),(((65,18),(42,72)),(28,(4,13))))),((78,24),96)),(((36,((45,20),((29,26),(1,16)))),(69,39)),94)))),(15,(31,25))))));
(23,(((64,(44,(9,71))),((((62,11),(52,37)),(47,53)),((3,(60,38)),(((((6,46),((69,39),55)),((54,((72,42),(18,65))),((22,61),70))),((75,(73,77)),(15,((4,(28,13)),66)))),(((((7,(((17,(25,31)),(49,58)),20)),24),(51,(43,21))),(((99,(96,86)),((48,(41,0)),(27,(((19,32),5),(56,34))))),30)),(((57,(63,(8,67))),(2,16)),((((50,40),(68,12)),((35,(1,45)),(14,(10,(59,36))))),(29,26)))))))),((((100,80),((81,76),94)),(89,((79,(87,(82,93))),(((97,(95,91)),(83,(88,(85,98)))),(90,(84,74)))))),((92,33),78))));
(91,((21,43),(((44,(71,9)),((29,26),(68,(51,66)))),((((87,(76,65)),((86,32),(((33,(52,(((11,53),(62,37)),47))),((23,(13,4)),56)),(((59,5),(22,36)),(48,27))))),(30,(84,(83,88)))),((((((99,92),((75,(73,77)),82)),(78,96)),(((54,10),15),(2,(50,(40,12))))),((((70,(72,42)),28),0),((58,(49,41)),((17,(31,25)),(18,(34,81)))))),(93,((((46,7),(((38,60),(61,(63,(19,(3,(8,67)))))),55)),(14,35)),(((((74,90),((79,45),(85,98))),(6,(39,69))),(94,(100,(89,80)))),(((97,(57,64)),((95,20),(16,1))),24)))))))));
(7,((8,59),((48,(22,61)),((((92,(78,96)),(16,1)),((((69,((46,(6,39)),55)),(14,45)),57),(24,12))),((((((9,(68,27)),56),((36,30),66)),(81,(((20,54),(64,(44,23))),(51,(99,35))))),2),(((15,(75,(77,73))),(58,34)),((10,(40,50)),(((60,38),(63,(3,67))),((((((37,62),((52,11),53)),(47,33)),((70,((42,72),(65,18))),(((((31,25),(17,49)),41),(32,0)),5))),((19,(43,21)),(86,(28,(4,13))))),((26,29),(((76,(87,94)),(82,71)),(((85,98),(83,88)),(93,((79,(74,((84,(97,91)),90))),(89,(100,(80,95)))))))))))))))));
(20,((55,46),(86,((((44,35),((58,34),(9,(18,((72,42),65))))),((39,69),(6,70))),((((((66,((((8,67),(5,59)),(68,(3,54))),(((64,63),(19,57)),(7,(60,38))))),((40,(50,12)),(52,(33,(11,((53,47),(37,62))))))),((10,15),((56,76),(((89,((100,80),94)),((((79,(87,(95,99))),(78,(((90,(84,74)),(97,(91,(93,82)))),92))),((98,85),(83,88))),(96,(75,(77,73))))),(2,(29,26)))))),((27,(61,22)),((17,32),(((16,1),(28,(13,4))),(0,(49,81)))))),(((30,(23,36)),(48,(45,(41,(25,31))))),(71,(51,(43,21))))),(14,24))))));
(36,((7,(23,30)),(44,((15,(29,(54,26))),((((78,(2,14,55,46)),(((((70,(99,(22,(27,61)))),(((48,((75,73,77),81)),(45,34)),(68,(5,59)))),(((25,31),(((51,(21,43)),(12,(50,40))),(10,(24,20)))),(((65,18),(42,72)),((8,67),3)))),((17,(49,41)),((1,16),(28,79)))),((((63,(0,76)),(60,38)),((86,(4,13)),(((((85,98),(93,82)),(97,((87,(88,83)),(91,95)))),89),(100,((94,80),(35,(90,(74,84)))))))),((56,(71,9)),(39,69))))),(96,((32,(11,((53,47,52),(37,(33,62))))),(58,66)))),((92,(19,64)),(57,6)))))));
(2,(57,10,20,45,(((((54,(5,32)),((((9,((41,14),48)),(71,(((((80,((100,((87,((79,95),(91,97))),35)),(83,(98,85)))),89),88),31),58))),(((22,40),(((76,((23,63),(94,0))),((26,29),((34,70),(((75,77),73),(93,82))))),49)),((44,38,17),(55,(27,((68,59),(3,39))))))),((((92,99,96),78),(81,(86,(28,(4,13))))),(56,((43,(21,(66,51))),(33,(67,8))))))),1),((16,(46,(30,36))),((25,((42,72),(65,18))),(12,50)))),((60,(61,((74,(90,84)),((52,(62,(37,11))),(53,47))))),((69,6),(15,((7,64,24),19)))))));
(38,(60,((40,(12,50)),(((54,44),((48,(9,71)),(94,((5,68),(0,28))))),((((100,(61,((74,90),((((88,83),(98,85)),(95,(97,(82,93)))),(89,(79,(91,87))))))),((69,(39,6)),(55,(46,((37,62),(53,47)))))),(((((72,42),(65,18)),(11,52)),(33,99)),(78,((92,80),96)))),((((66,((30,7),(1,16))),59),((((8,67),(63,(64,57))),(15,(20,70))),2)),((((((41,(49,(25,(17,31)))),(35,(84,(26,29)))),(14,45)),10),24),(((51,(43,21)),(((((56,((13,4),81)),(23,36)),(75,(73,77))),(86,34)),(58,(76,32)))),((19,22),(3,27))))))))));
(15,((2,(26,(29,54))),(((51,(43,21)),((7,36),(30,23))),(((((((44,(71,9)),((60,38),(3,(8,67)))),(64,(61,(57,19)))),(22,(63,28))),((((76,(27,96)),(78,(99,92))),0),(86,(((89,(100,(81,(77,(75,73))))),((56,(16,1)),(33,(((47,(62,(11,53))),37),52)))),24)))),(12,(25,(4,13)))),(((50,68),((34,40),10)),((((35,(17,(31,(49,41)))),(45,(14,((87,((85,(98,(83,88))),(79,((95,97),(91,(93,82)))))),(80,(94,(84,(90,74)))))))),(20,(46,(55,(6,(69,(32,39))))))),((66,((70,48),58)),((5,59),((42,72),(65,18))))))))));
(58,(24,(((86,(1,16)),(64,(3,(67,8)))),(20,((10,(12,(50,40))),((89,7),(100,((((((15,54),(84,(74,90))),57),((((((17,(23,63)),(49,41)),(((34,((79,87),(25,31))),(68,(5,59))),48)),(36,((42,72),(18,65)))),(94,((28,(4,13)),(56,(((37,62),(53,47)),(33,(52,11))))))),(((19,(99,(92,(96,78)))),((71,(9,44)),(80,(29,26)))),(61,(27,22))))),((((70,76),(0,30)),(66,(51,(21,43)))),((2,((75,(73,77)),(81,(((93,82),97),(91,(((85,88),(83,98)),95)))))),(60,38)))),((14,((((46,(69,(39,32))),6),55),35)),45)))))))));
(5,(17,((10,(59,68)),(((66,(43,21)),((64,(57,(63,19))),(22,(38,60)))),(((78,(11,(62,37))),(99,(96,((6,50),((((93,80),((84,(74,90)),((79,(56,87)),95))),((82,(91,97)),((77,(33,75)),(73,(100,(89,94)))))),((48,(70,(16,1))),52)))))),(((2,((45,((14,(69,39)),((51,35),(25,31)))),24)),15),((((54,7),(86,(92,(26,29)))),((81,(53,47)),((((49,(65,18)),((8,(3,67)),(27,0))),((72,42),(76,(34,(28,(4,13)))))),((88,(83,(85,98))),(30,(36,23)))))),((((40,12),(61,(71,(44,9)))),(58,(46,55))),(20,(32,41))))))))));
(96,((22,61),(((((((((74,(90,84)),79),((95,97),((91,(82,93)),(98,(83,(85,88)))))),((89,94),76)),((56,87),((27,(4,28)),81))),(((17,31),(48,(((1,58),12),(25,(49,41))))),16)),(20,(((33,52),((62,((47,11),53)),37)),(50,40)))),((2,15),(29,(26,54)))),((((((((44,9),(((51,(66,(43,21))),(45,(35,14))),(73,((92,(99,78)),(77,75))))),((((57,(64,(19,63))),59),((8,67),3)),(71,(60,38)))),(34,(68,(5,((18,65),(42,72)))))),13),0),((70,(46,(55,6))),((69,39),32))),((86,10),((24,(80,100)),(7,(30,(36,23)))))))));
(57,(26,((24,46,2,6,20,45),(((((((11,(53,(37,62))),(47,52)),((7,(38,60)),(69,(32,10)))),((78,92),(99,96))),(19,(68,14))),(40,12)),((((30,61),(48,(54,3))),(((70,(94,89)),80),((35,(8,67)),64))),((((34,39),(((((25,(17,76)),15),((77,73),75)),(29,(50,(((16,(27,81)),(56,(31,(41,49)))),23)))),((55,((51,(66,(21,43))),((63,(33,0)),((18,((42,65),72)),((28,(13,4)),(87,(59,5))))))),(86,22)))),((1,36),(((91,(((93,(83,((98,85),88))),((74,84),(90,(79,82)))),97)),95),100))),(((9,71),44),58)))))));