(54,((26,29),((48,(37,(52,(11,62)))),(((63,(34,36)),(0,9)),(((89,(93,((((97,(91,79)),(82,83)),((94,95),((84,76),((90,74),(87,(88,(85,98))))))),(100,80)))),(33,(53,47))),(((28,(4,13)),99),((((((((41,49),(25,(31,17))),(35,(14,45))),(7,((22,27),(61,60)))),((86,92),(56,(16,1)))),38),((((((15,2),(70,(69,32))),((6,(46,55)),(39,30))),((((66,(21,43)),(51,10)),(((23,20),(50,12)),(75,(73,77)))),(((81,(96,78)),((68,(5,59)),((19,57),(64,(3,(8,67)))))),40))),((72,42),(65,18))),(58,(44,71)))),24)))))));
(17,((41,((25,70),49)),((92,32),(((66,(40,12)),(94,63)),((58,7),(((99,69,39,46,30,2,54),((50,10),(68,29))),(((((97,((83,88),((90,74),84))),(95,((79,45),91))),(98,(85,(87,76)))),6),((96,((89,(48,86)),((33,34),((28,(4,13)),(27,0))))),((((((52,62),((11,37),(47,53))),(5,59)),(31,15)),(78,((56,(((35,(93,82)),((16,24,14,100),(81,((77,73),75)))),((1,20),80))),(36,(26,(51,(21,43))))))),((((19,(57,64)),61),(((8,(42,(72,(65,18)))),((23,67),(9,(71,44)))),(22,(3,(60,38))))),55))))))))));
(86,((100,(((77,(75,73)),80),((((((82,93),(97,91)),((98,85),(83,88))),95),87),(((84,(74,90)),79),94)))),((((34,(12,((40,50),(68,(5,59))))),(((55,(20,46)),((69,39),70)),6)),58),(((((65,(18,(72,42))),71),((19,(63,57)),((56,(25,(17,(41,49)))),(32,33)))),((66,(51,(43,21))),((((38,60),(44,9)),((67,(8,3)),(61,(27,22)))),(24,((10,(62,(37,11))),(16,1)))))),((((((28,(4,13)),0),(54,((7,(23,36)),30))),(81,(89,76))),(((78,96),(92,99)),(((48,(31,45)),35),14))),((64,(2,((53,47),52))),((26,29),15)))))));
(10,(46,(((58,48),(14,(45,(59,5)))),((((100,((92,78),((94,(74,(84,93))),89))),(((90,(97,(((85,98),(88,83)),(82,95)))),(75,(73,77))),(((25,31),((41,49),17)),(81,(91,79))))),(7,((55,(((16,(61,27)),(22,((((((54,(26,29)),(15,2)),(96,99)),(86,(((((71,(66,(51,(21,43)))),((42,72),(18,65))),(63,(0,((33,((47,53),(11,(52,(62,37))))),(28,(13,4)))))),(19,((3,(8,67)),57))),(64,44)))),(24,(38,60))),(9,(30,(23,36)))))),(56,1))),((80,((34,87),(39,(32,76)))),68)))),((69,(70,6)),((35,20),(50,(12,40))))))));
(45,(((63,(31,35)),(15,(2,(66,(51,(21,43)))))),(((57,(67,8)),(61,(9,(44,(60,38))))),(((((71,(75,(77,73))),30),((10,(50,(40,12))),((5,59),(68,34)))),(54,(1,16))),(((((((((36,7),19),(23,48)),((((72,42),(65,18)),(33,(85,98))),32)),(((((76,((88,83),82)),70),56),27),(28,(13,4)))),((53,((47,(62,37)),(11,52))),((22,((((29,26),(49,25)),86),0)),24))),64),(((17,41),(20,39)),(55,((46,6),69)))),(58,((3,81),(14,((((100,(((90,74),((87,(((97,93),91),95)),(79,(92,80)))),94)),(78,(99,96))),84),89)))))))));
(23,(36,((30,(66,(21,43))),((86,(67,8)),((45,((2,(54,(26,29))),(14,(34,35)))),((((((((48,(41,49)),(58,(17,(31,25)))),((60,38),(44,(9,71)))),((((((72,42),(18,65)),(97,0)),(((28,(4,13)),((37,(53,47)),((11,(62,52)),33))),(3,5))),(63,(64,(19,57)))),61)),((((16,1),(50,(40,12))),((32,(6,(39,69))),((70,(27,56)),22))),(20,(81,76)))),24),(((73,77),75),(55,46))),((10,(68,59)),(15,(7,(51,((80,((89,((95,(93,82)),(84,(74,90)))),((100,((79,(91,(98,85))),(87,(83,88)))),94))),((92,78),(96,99)))))))))))));
(1,(61,(((33,52),((53,47),(62,(11,37)))),((((((((12,40),(50,10)),(24,2)),15),(((0,27),(16,(70,34))),(((54,20),((51,66),((39,69),6))),(55,46)))),((32,81),(76,(91,((82,(87,(88,83))),((((((90,74),(93,94)),((95,(98,85)),(79,97))),100),80),(84,89))))))),((5,59),(((((23,63),(68,(99,92))),((((30,(78,96)),((71,35),(((58,45),(22,((60,38),(28,(4,13))))),44))),(9,(36,49))),(((57,(((31,41),25),(17,18))),(19,(3,(67,8)))),((7,48),64)))),(29,26)),56))),(86,((75,(73,77)),((21,43),(14,(65,(42,72))))))))));
(75,((77,73),((81,76),((23,(36,7)),((((57,1),64),(((40,(54,(26,29))),(2,50)),(45,(10,((14,((32,(39,(6,69))),70)),(12,(19,20))))))),(((((((0,27),24),((11,(53,47)),((38,60),48))),35),15),((((92,(61,22)),55),(46,(78,((5,59),(68,34))))),(96,99))),(((((52,(62,(37,33))),(86,(18,65))),(56,(72,42))),(((8,67),((31,((17,25),(49,41))),(58,(28,(13,4))))),(44,(9,71)))),(((3,16),30),((((84,(74,90)),((89,(((88,83),(85,98)),(79,87))),(95,100))),((80,(97,((93,82),91))),(63,94))),(66,(51,(21,43))))))))))));
(15,(2,(((((28,(4,13)),23),((((89,(99,94)),((((((84,(74,90)),((95,(97,(83,(88,(98,85))))),((91,(87,79)),(82,93)))),(96,(78,92))),(81,80)),(75,(73,77))),76)),100),56)),(26,29)),(((24,16),(((45,(35,34)),(58,1)),(22,(((7,(66,(51,(43,21)))),(((71,9),(44,48)),(36,30))),14)))),((((52,(62,37)),(33,11)),86),((68,(59,5)),((70,(54,((42,72),(65,18)))),((((60,38),(61,(3,(8,67)))),(40,(10,(12,50)))),((((17,(25,31)),(41,49)),(((53,47),(63,(57,(19,64)))),(27,0))),((((6,32),((39,69),20)),55),46))))))))));
(20,(12,(((30,(23,(7,36))),((27,86),(58,(1,16)))),((((((81,99),0),(56,34)),(2,((78,96),92))),6),((((((100,(80,(94,89))),(((60,38),(61,22)),(((68,(59,5)),(45,18)),(75,(77,73))))),((69,((((91,97),87),(((93,82),(84,90)),((95,(88,85)),(98,(83,79))))),(66,(51,(43,21))))),(((31,25),(67,(8,3))),((19,63),(64,57))))),(((39,(17,(49,41))),((44,(9,71)),(32,76))),24)),((35,14),((26,54),(42,((72,65),(48,(50,40))))))),(15,(((((33,((53,47),(37,(52,(62,11))))),46),(55,(10,(28,(4,13))))),70),(74,29))))))));
(15,((69,39),(12,((((((50,((44,(9,(27,(60,38)))),(71,22))),((7,(30,(3,(67,8)))),((11,(33,(37,(52,(53,(47,62)))))),(18,(65,(72,42)))))),(((36,(23,(16,1))),((34,64),(56,(28,(13,4))))),(((76,((73,77),75)),(100,((61,(94,89)),20))),((45,0),((66,(21,(43,51))),(86,29)))))),((35,(((97,79),(87,(84,(74,90)))),((78,96),((92,99),81)))),((41,49),(32,70)))),(((31,17),(19,(25,(68,5)))),((((59,63),54),(95,(80,(((83,88),(85,98)),(91,(82,93)))))),(26,58)))),(14,10,40,57,24,2,48,6,55,46)))));
(34,((88,(83,(98,85))),((((95,(82,93)),(87,(79,(84,(74,90))))),((89,((80,100),94)),(97,91))),((((12,50),((51,66),(17,58))),(63,86)),((((((77,(75,73)),24),(59,1)),(15,(54,(29,26)))),(30,(40,10))),((((7,19),(57,64)),(32,(((49,((56,48),(16,(35,(5,(53,((11,(37,(52,47))),62))))))),((81,(36,(21,43))),((41,(31,25)),((33,76),(27,0))))),(((68,(71,(9,44))),(38,60)),(22,61))))),(((((((3,23),99),((70,(28,(4,13))),((42,72),(18,65)))),(20,(67,8))),(46,55)),((14,(45,(6,(39,69)))),(96,(78,92)))),2)))))));
(6,((2,(15,((29,26),54))),(((41,49),((((25,(31,17)),(58,48)),(27,28)),(32,((13,4),((7,30),(36,23)))))),((((65,((42,72),18)),(0,20)),((((100,((89,94),80)),(((84,(74,90)),(96,(78,92))),((((91,97),((79,87),(95,(93,82)))),(88,(98,(83,85)))),99))),((81,(73,(77,75))),(57,(63,19)))),86)),((39,((16,(33,((62,37),((47,53),(52,11))))),1)),(((35,(59,(68,5))),(((76,70),34),24)),((((56,45),46),69),((((55,((64,((60,38),(3,(67,8)))),(10,(40,(50,12))))),(44,(9,71))),((43,21),(66,51))),(14,(61,22))))))))));
(20,((59,(9,5)),((((74,(88,95)),(68,((79,87),(((35,(0,76)),((48,(17,(41,(49,(25,31))))),(((((32,56),((28,(4,13)),((52,11),(62,37)))),(((98,85),83),(91,(97,(82,93))))),(8,81)),((65,(23,51)),(19,94))))),(43,(66,21)))))),(80,100)),((((7,30),(14,(89,(36,99)))),((((18,(72,42)),(33,(47,53))),(70,34)),6)),((69,((63,67),55)),((((2,(92,78)),((61,(46,10)),(((77,(73,75)),(84,90)),((44,71),((60,38),(3,(57,64))))))),((96,(58,(((12,40),50),(22,(27,45))))),(39,15))),(86,((26,29),(54,(1,(24,16)))))))))));
(15,(((((33,((11,(37,62)),(52,(53,47)))),((28,(13,4)),(41,(31,((76,(0,56)),25))))),(46,(((58,(48,17)),((((70,(59,34)),(3,(8,67))),((18,65),(42,72))),((54,((21,43),(39,69))),(66,51)))),((((24,(1,16)),(38,60)),(6,32)),55)))),((10,(49,(50,(40,12)))),20)),(((22,61),((80,(((((91,((((89,87),((85,98),88)),(83,93)),(82,(79,84)))),(74,90)),97),95),94)),100)),((((19,64),(63,57)),(36,(23,(30,7)))),((((99,((26,29),27)),(2,35)),((86,(5,68)),(44,(71,9)))),((((75,(77,73)),(92,78)),(81,96)),(14,45)))))));
(66,(51,((67,((18,((72,42),65)),(21,(43,56)))),((7,(64,57)),((68,1,16,8,2,15),(((24,(((80,93),100),((87,((((88,98),85),(91,97)),95)),(94,82)))),(((((((10,50,40),((6,(69,39)),12)),((((34,86),(70,(0,32))),(33,54)),(19,(63,(73,(75,77)))))),((23,(30,36)),(28,(13,4)))),(83,76)),((((71,(38,60)),(44,(61,9))),3),27)),((26,(29,(37,((52,62),(11,(47,53)))))),(((48,((31,25),((14,35),(58,(17,(49,41)))))),45),(46,(((90,74),((78,92,96,99,89),(20,84))),(79,55))))))),((5,59),(22,81))))))));
(19,(((54,(29,26)),32),(((15,30),(2,(3,63))),(((((60,38),6),(92,36)),((((((33,(27,49)),(81,(37,11))),(0,(56,(43,21)))),((99,22),((71,(44,9)),(23,((72,42),(65,18)))))),((((78,96),(((100,80),(((79,97),(((76,((84,(74,90)),((87,82),(91,(93,95))))),(62,(52,(53,47)))),((28,(4,13)),((85,(83,88)),98)))),((75,(77,73)),(61,(86,94))))),(5,59))),(57,(89,64))),((7,(70,(67,8))),68))),((12,(50,40)),(((41,58),17),((48,35),(45,((14,(25,31)),(46,(20,55))))))))),((51,(24,66)),((10,((16,1),34)),(69,39)))))));
(54,((29,26),((68,(70,((72,42),(18,65)))),((14,50),(((2,15),(((99,((92,(34,96)),((73,(77,75)),78))),(20,45)),((76,81),(((52,(47,53)),((11,(62,37)),33)),5)))),(((38,60),(44,71)),(((((64,(57,(19,63))),(((66,((28,(13,4)),(51,(43,21)))),(1,23)),((80,100),((((79,(97,(91,(82,93)))),95),(84,((74,87),90))),(94,89))))),((6,(39,69)),(35,(30,7)))),((24,((40,12),10)),(55,46))),((((((88,(85,98)),(83,32)),((59,48),((17,(41,(25,31))),58))),(((49,(36,9)),(8,(3,67))),(0,(86,(56,27))))),16),(61,22)))))))));
(100,((((89,41),80),((81,((88,83),(79,(((85,98),((82,93),97)),91)))),(90,(84,74)))),((96,(99,92)),((((((95,((0,19),(33,(29,87)))),26),((48,22),6)),(((58,35),((51,(21,43)),(((66,57,44),((2,(15,54)),(16,1))),(((31,(49,(25,17))),(71,9)),(10,(12,(40,50))))))),(39,(94,32)))),((((67,(3,8)),64),(60,38)),((30,(23,36)),(86,7)))),((45,(46,(((73,77),(75,76)),55))),(((78,((63,(((28,(13,4)),(18,(65,(72,42)))),56)),((27,61),((5,(34,68)),(59,((53,47),(((11,37),62),52))))))),(20,(24,70))),(14,69)))))));
(10,(((31,25),61),((((((((((35,((63,19),(57,64))),(58,((3,8),67))),70),(7,(30,(23,36)))),(50,((48,1),16))),((((20,39,69,46,55),6),32),86)),(((15,2,29),17),(((((18,65),34),56),(27,(26,54))),((43,66),(51,21))))),(((87,0),(28,(4,13))),((96,((62,(52,11)),(33,(37,(47,53))))),(12,40)))),(45,24)),(((((89,((90,74),84)),((94,((80,100),(((85,97),(98,(91,(82,93)))),(88,83)))),((59,(5,68)),((95,79),(42,72))))),14),(99,(((22,(49,41)),(73,77,75)),((92,78),(81,76))))),(((60,44),(71,9)),38)))));
(1,(86,(16,((((95,(((97,(79,(87,(88,83)))),(74,(84,90))),(98,85))),(((94,89),(93,82)),(100,80))),(45,((21,43),(66,51)))),((((((((27,(33,34)),((37,62),((53,52),(11,47)))),(61,(44,26))),60),(((((67,8),(91,3)),(32,19)),(48,(((56,68),58),((((70,36),(92,76)),(9,71)),((57,(23,((72,42),(18,65)))),((63,(0,(28,(13,4)))),64)))))),((41,49),(17,(31,25))))),(((78,(99,81)),96),29)),38),((((7,30),((2,((5,59),(75,(77,73)))),((50,(12,40)),10))),(15,22)),(((35,14),(54,((39,(55,(46,69))),(6,20)))),24)))))));
(43,(21,(((42,72),(65,18)),(((66,51),((((27,0),(9,71)),(8,(67,3))),((((60,38),((64,(57,(19,63))),22)),61),44))),((56,(81,((((((1,16),(((30,23),7),(36,86))),((4,13),(((34,(((50,(12,40)),(68,(59,5))),(48,10))),(17,35)),(25,((((84,(90,74)),(79,(((83,88),(87,(97,(93,82)))),95))),(98,85)),91))))),((((62,(37,52)),11),(47,(33,53))),(24,31))),(14,((29,(2,15)),(26,54)))),45))),((46,(((55,39),((6,20),58)),((41,49),69))),(((70,28),32),(((73,(77,75)),76),(((94,99),((((80,100),92),96),89)),78)))))))));
(50,((12,40),((1,16),((24,((((((69,(46,55)),6),(20,45)),(((28,(13,4)),(86,((42,72),(18,65)))),(0,(87,(33,((47,53),(52,(62,(37,11))))))))),39),((((49,41),(56,58)),(((17,(31,25)),76),(43,(66,(21,51))))),((32,(23,36)),(((94,89),(100,80)),((95,97),(91,(79,((93,82),(83,(88,(98,85)))))))))))),((((((((81,(92,((78,99),(96,(75,(77,73)))))),70),((44,(71,9)),((67,(3,8)),(64,63)))),(15,(2,(26,29)))),((19,57),(22,(27,61)))),(48,(68,(59,5)))),(14,((60,38),(35,54)))),((30,7),(10,(34,(74,(84,90))))))))));
(10,((50,(12,40)),((58,(35,(45,(14,((31,(17,25)),(49,41)))))),((56,1),((((20,(((((42,72),(18,65)),((13,(28,4)),3)),(71,34)),((70,(7,((((75,77),73),(30,(23,36))),(32,(68,(5,59)))))),33))),15),(6,69,39)),((((53,(52,(47,((11,62),37)))),2),((86,48),(((64,63),((((89,79,97,80,100,57),((76,(88,(85,98))),(27,(84,(90,74))))),(((44,(38,60)),(0,(22,(51,66)))),((95,(81,96)),19))),(((94,(83,(9,(8,67)))),(87,(16,61))),((93,82),((21,43),91))))),((92,78),((55,46),99))))),((54,(29,26)),24)))))));
(32,(3,((8,67),((28,(4,13)),((45,(97,(83,88))),((((87,(85,98)),(59,((((2,(15,(29,(26,54)))),69),(6,39,46)),((55,5),(48,(1,16)))))),50),(((((68,19),(49,(23,(30,95)))),71),(36,((7,(51,(66,(21,43)))),(93,82)))),((10,14,64,57,91,90,100,24),((((44,79),38),((63,(0,(33,(53,(47,(52,((37,62),11))))))),(12,40))),(((35,61),(99,(96,92))),(((22,((41,25),(31,17))),(((70,(74,(34,(65,18)))),(((81,((77,73),75)),78),(9,(20,60)))),(56,(86,76)))),((84,((94,80),89)),(((42,72),27),58)))))))))))));
(10,(((34,((1,(35,(14,(45,(48,(50,40)))))),((((86,(0,(4,13))),16),(((((44,(71,9)),(38,60)),(3,63)),((17,(25,31)),(49,(32,41)))),((81,(76,((75,(73,77)),(74,(84,90))))),((56,(11,(62,37))),(58,((89,((((100,80),94),((97,(93,82)),(((83,88),((98,85),(91,87))),(95,79)))),((78,92),96))),99)))))),24))),((((((7,23),(36,30)),(61,(20,27))),(22,(64,57))),((((42,72),(18,65)),((43,(51,(21,66))),((47,53),(52,33)))),28)),(8,67))),((((6,((39,55),(69,46))),2),((((59,(68,5)),12),(54,(70,19))),(26,29))),15)));
(40,(24,((45,(22,((73,77),75))),(((55,14),(((44,23),(76,(28,(13,4)))),(((((37,11),(52,(62,33))),((34,32),(58,(5,59)))),((30,(70,36)),((56,86),((60,38),7)))),((87,0),54)))),(((((((19,63),(27,(69,(3,(67,8))))),(57,(61,64))),((((50,(99,((((94,79),(80,89)),((97,((74,(93,82)),(95,91))),((90,((85,98),(83,88))),84))),100))),(96,((43,21),(51,66)))),(48,81)),78)),(12,(49,41))),(10,(20,92))),((((35,68),((2,15),(6,(29,26)))),(46,((1,16),(((47,53),(65,(18,(42,72)))),(9,71))))),(39,(17,(25,31)))))))));
(32,(39,((70,(55,49)),((46,(20,69)),(6,((96,(99,(92,78))),(((29,54),((2,(((((21,(43,51)),86),(61,22)),(76,((75,(77,73)),((100,(81,80)),(89,94))))),((45,((16,1),(56,(60,38)))),((9,(44,71)),(3,(67,8)))))),((((50,(40,12)),10),35),((((24,14),(((34,(41,(17,(31,25)))),(58,(5,59))),68)),(15,(48,((47,(52,11)),((37,62),(53,33)))))),((((((0,(28,(13,4))),(30,(36,7))),(27,23)),((42,72),(18,65))),(66,26)),(88,((87,(83,(85,98))),((91,(82,93)),(95,(79,(97,(84,(90,74))))))))))))),((19,63),(57,64)))))))));
(46,((((6,(69,39)),(19,(32,63))),(73,(75,77))),((14,(((((((30,57),(((17,(31,25)),(49,41)),(26,29))),(((50,45),(68,((59,5),(22,(61,27))))),(10,2,64))),((80,(48,58)),(70,(24,(12,40))))),15),55),44)),((((65,(42,(18,72))),54),((56,(1,16)),((71,9),((((90,(74,84)),(99,96)),(94,((89,100),(97,(95,(98,(85,(83,88)))))))),((87,(79,(91,(82,93)))),(78,92)))))),((7,(((20,23),(((86,(81,76)),((36,34),(35,(0,(4,(13,28)))))),((52,(11,(47,53))),(33,(62,37))))),((66,(51,(43,21))),(3,(8,67))))),(60,38))))));
(46,(55,20,12,75,73,77,89,64,((((51,(44,(38,60))),57),(70,(2,15))),(((63,50),((99,96),(65,36))),((((10,((26,29),(56,(42,72)))),((7,45),((16,1),66))),((((25,(48,(31,(17,41)))),(18,27)),((28,(4,13)),(14,78))),((6,((47,53),(22,(85,98)))),92))),((61,(68,59)),(((((69,39,30),(((84,90),74),(97,(80,91)))),((((87,95),(54,3)),79),24)),(40,(21,19))),(100,(((81,((67,8),((62,((52,37),11)),(71,9)))),((((5,33),(86,35)),(76,32)),(34,(83,88)))),((23,(0,(82,93))),((49,58),(43,94))))))))))));
(27,((3,(8,67)),(((70,28),(63,(9,84))),(((((94,(99,(89,96))),(56,(76,(87,0)))),((66,(34,(4,13))),((((97,(95,(81,(93,82)))),(90,74)),((91,32),((85,(83,88)),23))),(((37,(47,(53,(52,62)))),(11,33)),(86,((42,72),(18,65))))))),(((26,(29,54)),(15,(1,16))),(24,(43,(51,21))))),(((22,((98,61),(((60,38),((68,(59,5)),71)),44))),((((((((69,((46,55),6)),39),((100,(92,78)),(80,(75,(77,73))))),20),((14,(((35,58),48),45)),(17,(49,41)))),((57,(19,(31,(79,25)))),64)),(7,(30,36))),2)),(10,(40,(12,50))))))));
(30,(36,((86,(1,16)),(((59,68),((24,((14,(50,(27,61))),10)),((57,(63,19)),(44,(64,(22,(60,38))))))),(((2,(45,((15,(26,29)),20))),((40,94),(((99,89),(((91,(96,95)),((90,(84,74)),(97,(93,82)))),(92,78))),((80,100),79)))),((((((56,(28,(4,13))),(((6,70),(55,46)),39)),69),((32,(33,(((62,47),(53,(52,37))),11))),(7,5))),((((66,(51,(21,43))),(23,(8,(3,67)))),((48,(58,(41,(31,(25,17))))),((35,(71,9)),((87,(83,(88,98))),((18,(65,(42,72))),(49,54)))))),(76,(34,((0,85),12))))),(81,(77,(73,75)))))))));
(2,(((6,((20,32),(((55,69),(46,70)),39))),34),((((((((57,(64,(63,19))),(((12,50),40),10)),((86,((42,72),(65,18))),68)),((45,(26,(29,54))),((5,59),((1,16),15)))),((56,(41,22)),((((((0,58),92),(78,(48,((((((79,(84,(76,81))),((73,77),75)),(74,90)),94),(87,(((98,85),(83,88)),(82,93)))),(97,(91,95)))))),((17,49),((31,25),35))),((100,(80,(33,((11,52),((47,53),(37,62)))))),89)),99))),((3,(8,67)),(((38,60),((23,(28,(13,4))),(7,(96,(30,36))))),((43,(21,(66,51))),(44,(9,(71,(61,27)))))))),24),14)));
(86,((40,66),(((55,46),((7,((((11,(62,52)),47),(37,33)),53)),99)),(((((((88,(83,(85,98))),((71,9),(87,91))),((89,(97,((((18,(65,(42,72))),(94,84)),(74,90)),79))),(80,100))),(95,(82,93))),((((3,(63,(64,((67,8),(19,57))))),1),44),(14,16))),(((50,12),((56,(22,((38,60),(27,61)))),(54,(26,29)))),(((((39,32),(6,70)),69),((96,15),(((28,78),(30,(36,23))),(((4,13),0),92)))),((((45,((48,(31,25)),(20,(58,(17,(41,49)))))),((75,(73,77)),(51,(21,43)))),(76,81)),(68,((34,35),(5,59))))))),(10,2,24)))));
(55,((((27,(4,13)),(((17,49),(41,(31,25))),(0,33))),((70,((37,62),(((52,11),47),53))),(65,18))),(46,((45,(48,(14,35))),(((42,72),((((15,2),((29,54),26)),(20,32)),((((86,(100,(((92,(96,(77,(75,73)))),78),(80,99)))),(((39,6),(69,51)),(22,7))),24),(((44,(9,71)),((16,56),1)),((((19,(8,67)),61),((60,((63,38),3)),(57,64))),((((95,((90,(91,(79,((83,88),(84,((98,85),(87,74))))))),(89,(94,(97,(93,82)))))),(76,81)),(28,(50,(12,40)))),(10,(58,66)))))))),((34,(68,(59,5))),((43,21),(23,(30,36)))))))));
(14,((18,(65,(42,72))),((((77,73,75),(81,((85,(98,(88,83))),((87,79),((97,(93,82)),(95,91)))))),(94,76)),(((39,69),((55,6),46)),((25,((17,(49,41)),31)),(((((((3,(8,67)),(9,71)),44),(((27,0),(34,23)),((56,32),36))),(58,(78,(((99,96),86),92)))),(((2,(28,(13,4))),((29,26),((5,59),((74,90),84)))),(30,50))),((24,10),(((((((22,(12,40)),(45,35)),((38,61),((57,(63,(19,64))),(48,(((53,47),(11,52)),(62,(33,37))))))),(20,(54,(80,100,89)))),(16,1)),(68,60)),(15,(7,(70,(66,(51,(21,43))))))))))))));
(45,((35,14),((7,(24,15)),(((((41,(25,31)),((27,22),(21,23))),(30,(57,(63,(19,64))))),(((((70,(40,12)),(50,(65,(42,72)))),(49,((0,(56,32)),(34,18)))),((3,(8,67)),((54,(26,29)),((99,(43,66)),(75,(73,77)))))),(48,(28,(13,4))))),(((10,92),((20,(96,((71,9),44))),(((68,(59,5)),(36,(60,38))),(58,((((93,79),(97,((((85,98),(88,83)),(91,(87,82))),(95,(84,(90,74)))))),(100,((80,(94,89)),81))),((76,((37,33),((53,47),(52,(11,62))))),(1,16))))))),(((17,(86,2)),(46,55)),(78,(61,((6,(39,69)),51)))))))));
(5,(((30,(23,36)),7),((((1,16),(((((79,88),89),(94,((99,(92,78)),((((84,(90,74)),81),(83,(98,85))),((97,((91,87),(82,93))),95))))),86),(96,(77,(73,75))))),((((68,59),(80,100)),(((17,41),((51,(66,(21,43))),(49,(25,31)))),(10,40))),(((50,(45,(35,14))),(((54,(29,26)),((2,15),((((44,(71,(38,60))),(27,61)),(22,(3,(57,(64,(19,63)))))),(((34,9),((76,(8,67)),(0,56))),(((((55,((72,((18,65),42)),70)),(69,(39,((46,20),6)))),(32,28)),(4,13)),((53,47),(33,(52,(11,(62,37)))))))))),12)),24))),(58,48))));
(68,(24,((((((78,92),(99,96)),(66,(51,(43,21)))),((((((73,77),75),80),(((97,(((83,88),(85,98)),95)),(74,(90,84))),(91,79))),(((((29,26),54),(3,(((53,47),((37,62),(33,52))),11))),(32,((39,6),(69,70)))),(15,(23,(20,(34,81)))))),86)),(((((((38,60),(44,71)),(((87,((42,72),(18,65))),(9,((76,27),((1,16),(0,94))))),(100,89))),((((46,55),(64,(57,19))),(((41,49),(58,(17,(25,31)))),48)),((28,(13,4)),(63,(82,93))))),(10,((50,(40,12)),(5,59)))),(((30,36),(61,56)),(35,14))),(2,(22,45)))),((8,67),7))));
(30,((24,((22,((89,(80,100)),(((92,96),(78,81)),(((99,94),66),(73,(75,77)))))),((((17,21),31),(48,(43,51))),(44,((61,((58,(12,(40,50))),((27,(9,71)),(23,(67,8))))),(46,(((((59,5),(((34,56),((25,70),(49,(53,11)))),((((72,42),(65,18)),16),(63,32)))),((52,(47,(62,37))),((4,(13,28)),(0,33)))),(36,((90,((87,74),84)),(((85,98),(83,88)),(79,(97,(95,(91,(93,82))))))))),76))))))),(((((14,(45,(35,7))),((55,6),(1,(68,41)))),(2,(39,15))),((54,57),(10,69))),((((38,60),(64,(3,(86,19)))),20),(26,29)))));
(66,((51,(43,21)),(((36,((25,31),(17,49))),(30,7)),((20,(70,(39,(69,6)))),(((((42,72),(18,65)),((1,16),(56,45))),(96,(77,(75,73)))),((((24,46),((12,(2,(((60,38),((26,29),(15,54))),((22,(61,27)),(44,(9,71)))))),(((34,(68,(5,59))),55),((10,(99,23)),(50,40))))),((((((67,8),3),((63,19),(57,64))),(32,(28,(4,13)))),(((81,((((((91,(95,(83,88))),((87,(97,(93,82))),((90,74),79))),80),100),(84,(85,98))),0)),89),94)),(41,(48,58)))),((76,(33,((11,52),(37,(62,(53,47)))))),((35,14),(86,(92,78))))))))));
(54,((15,45),((24,(((71,44),((1,16),(60,38))),(((20,(39,(27,6))),(55,46)),(35,(33,70))))),(((41,(56,48)),(((53,(62,47)),(37,(11,52))),((18,(22,(65,(72,42)))),(61,66)))),((14,(58,(17,(25,31)))),(((29,26),(7,(94,(((((88,(83,(85,98))),87),(91,((((93,82),90),97),74))),(76,(84,89))),((((((73,75),77),(79,95)),80),100),(96,99)))))),((((69,(92,(81,78))),((((3,(8,67)),(64,(57,19))),(23,(30,36))),((0,(34,63)),(68,(59,5))))),((9,(28,(13,4))),(43,(21,51)))),(((10,50),((40,12),(32,(86,49)))),2))))))));
(61,((20,55),((((((74,(89,94)),(((100,80),(98,85)),((91,((84,90),((93,82),97))),(79,95)))),(((40,12),35),(((((14,(23,(5,(68,59)))),(86,(66,(43,(51,21))))),10),((((48,58),((17,(31,25)),(49,41))),(45,((27,((88,83),(34,70))),(46,((39,(6,32)),69))))),50)),((3,((57,19),(63,((67,8),64)))),(((0,(13,(4,28))),((((47,((52,33),11)),(62,37)),53),87)),(22,((18,(65,(72,42))),((38,60),(71,(44,9)))))))))),((2,54),((76,81),((75,(73,77)),(96,(92,(78,99))))))),(((56,(16,1)),(29,26)),(24,(7,(36,30))))),15)));
(57,((((50,(5,(68,59))),(70,(66,(21,(43,51))))),(((0,(16,1)),((28,(13,4)),((11,(33,(52,(37,62)))),(53,47)))),((63,(18,(65,(42,72)))),(75,(88,24))))),(((((29,26),(2,(15,54))),((10,(12,40)),(86,(73,77)))),(7,(((39,6),(69,(55,46))),((35,(17,(49,41))),((45,(58,(48,(31,25)))),14))))),((((((((99,(92,78)),96),(80,100)),(((83,(85,98)),(93,82)),((((81,95),91),97),(87,79)))),((94,89),((90,74),84))),(36,(23,30))),64),((((3,(8,67)),(56,32)),((19,((22,(61,27)),(20,76))),34)),(60,((71,(44,9)),38)))))));
(32,(70,(((28,23),34),(((((((77,(75,73)),(81,76)),((94,((84,(74,90)),(95,((((83,88),56),0),(85,98))))),(80,100))),(13,4)),86),((((1,16),24),((7,(96,(78,92))),(15,2))),(((((63,(((21,43),(66,51)),(64,((((27,61),22),(9,(44,71))),(60,38))))),(3,(57,19))),(30,36)),(10,(50,(12,40)))),(((((65,18),(42,72)),((37,(62,52)),((47,(33,53)),11))),(68,(5,59))),((26,29),54))))),((20,(45,(55,(46,(6,(39,69)))))),(((99,(67,8)),((48,(58,((49,41),(17,(25,31))))),((79,(97,(91,(93,82)))),(89,87)))),(35,14)))))));
(63,(((32,(28,(4,13))),34),((27,6),((45,86),((((58,31),(16,1)),61),((38,60),((((15,54),(68,((96,99),(78,92)))),(((((8,67),(30,(22,(14,36)))),(64,(66,(21,43)))),((((((((((17,41),(25,49)),(33,(11,37))),(10,(81,48))),(59,(29,26))),(((40,12),51),((76,((65,18),(42,72))),(56,89)))),((20,(94,(44,(71,9)))),((84,((((91,((95,(79,(82,93))),97)),((83,(90,(87,74))),((85,98),88))),((77,73),75)),(100,80))),19))),7),(((39,24),((47,53),(52,62))),5)),(46,(55,69)))),(((70,23),(0,3)),35))),(57,50,2))))))));
(75,(35,((100,15),(((((93,((83,(84,(88,(85,98)))),((97,82,95,79,90),(74,(91,54))))),(34,(40,(50,10)))),(24,(80,(8,67)))),(((((((55,69,39,6),((20,((45,(((25,31),17),48)),(49,41))),(70,46))),(21,(43,66))),51),((81,(76,(58,12))),(((65,(18,(72,42))),36),23))),(((29,68),(87,61)),((((56,(1,16)),((13,(28,4)),32)),63),(59,5)))),(((19,26),(99,((96,78),(92,(94,89))))),(30,(((27,0),((33,(((52,62),37),(11,(47,53)))),3)),((9,71),((44,38,64),(22,60)))))))),(57,14,77,73,2,86,7)))));
(20,((50,40),(((10,(0,((28,(13,4)),63))),70),((((12,((((43,21),(60,38)),(((24,(18,(65,(42,72)))),(((57,(64,(3,(8,67)))),((66,51),7)),((((33,(11,(37,52))),(47,(62,53))),(23,30)),(32,(34,(68,(5,59))))))),(((86,(45,(((17,(25,31)),(49,41)),(48,58)))),((80,100),((14,35),36))),((22,(27,61)),((16,1),56))))),((((((83,95),((98,85),88)),((79,(97,(93,82))),(87,(74,(91,90))))),((76,81),84)),(75,(73,77))),((96,((78,92),(89,94))),(99,(39,(9,69))))))),((15,(54,(29,26))),2)),6),((46,55),(19,(71,44)))))));
(77,((75,73),(45,((2,((94,((((90,95),(74,84)),(80,100)),(89,(((((93,87),97),(82,91)),((83,88),(85,98))),79)))),(76,81))),(((57,(12,(16,1))),((10,(50,40)),44)),((15,(((22,66),((((3,(67,8)),((61,27),(71,0))),((38,60),(28,(13,4)))),(64,(19,63)))),(23,(30,36)))),((((78,(92,96)),99),((((((42,72),(65,18)),((47,53),(33,(52,(37,(11,62)))))),9),((29,(51,(21,43))),((56,32),(34,70)))),7)),((((20,(35,6)),(((17,(41,49)),((46,55),(69,39))),(14,(68,(59,5))))),(((31,25),(48,(54,26))),(58,86))),24))))))));
(56,((41,49),((((((87,(93,82)),(95,((83,88),(85,98)))),(91,79)),97),((((84,(90,74)),89),(100,80)),94)),((((15,(29,26)),2),((((99,(96,76)),(78,92)),(48,(86,54))),(24,((16,1),(58,((47,53),(17,(31,25)))))))),(((((((((34,(59,5)),68),(36,(7,23))),(28,(13,4))),(70,(((46,20),(69,(6,39))),(32,55)))),((3,(30,61)),((((33,((11,(62,37)),52)),(81,(73,(75,77)))),((0,27),((57,(63,64)),19))),((42,72),(18,65))))),((22,(66,(51,(21,43)))),((60,38),(71,(44,9))))),((10,(14,(45,35))),((12,40),50))),(67,8))))));
(94,((80,100),((38,(60,(85,98))),((((7,16),(43,21)),71),(41,((66,51),((70,39),(((48,((14,(30,((15,(89,(78,(96,(99,92))))),(22,(58,(76,(36,(23,56)))))))),(24,(54,(35,((91,(82,93)),(((74,87),(90,84)),((((79,86),(83,88)),95),97)))))))),((12,(10,50)),(40,(20,(59,(68,5)))))),(((((3,(28,4)),((32,13),49)),(((57,63),(64,(19,(8,67)))),((((73,77),75),(26,29)),(61,34)))),(((27,((11,(62,(33,(37,52)))),(53,47))),((0,(42,(72,(18,65)))),1)),6)),((44,45),(55,(46,(((81,(9,(17,(31,25)))),2),69)))))))))))));
(46,(24,(15,(((((30,(7,(23,(36,81)))),20),((((45,35),(10,(41,(68,59)))),((((((21,43),(40,32)),(56,((28,(13,4)),((72,42),(18,65))))),(((88,((((100,((74,(90,84)),((97,(82,93)),(94,91)))),(95,89)),79),((75,73),77))),(87,(83,(85,98)))),((78,92),(96,99)))),((27,12),(86,(2,(54,(26,29)))))),((60,38),(9,(57,(71,19)))))),((48,(14,(76,5))),((58,(25,(17,31))),(70,((66,51),(63,0))))))),((6,((50,1),16)),55)),((((33,62),((11,52),(37,(47,53)))),(34,44)),(((((64,((8,67),3)),(39,69)),61),(22,49)),80))))));
(16,(81,((((10,(12,50)),(57,(63,(8,67)))),(((((51,66),(29,86)),((34,71),((26,(70,32)),(((28,(13,4)),(0,(76,27))),54)))),(3,((42,72),(18,65)))),((59,(5,68)),56))),(((11,(7,((23,30),36))),((((77,(75,73)),89),(94,((((79,(91,87)),((90,(84,74)),(95,97))),(93,82)),(99,((85,98),(88,83)))))),61)),(((40,2,24),(((44,9),((64,38),(19,(21,43)))),60)),(((22,1),((20,((100,80),(96,(78,92)))),15)),((((14,48),58),((((49,41),(33,(17,(25,31)))),35),(45,((55,(6,46)),(69,39))))),((47,(62,37)),(52,53)))))))));
(49,(((52,(37,((11,62),(47,53)))),71),(81,((((67,8),(65,18)),((72,42),((60,38),(22,(33,(27,61)))))),(((51,(66,(43,21))),((99,(((89,(((80,(97,(87,(79,91)))),94),100)),((92,78),(75,77))),96)),(7,(30,(36,23))))),((48,(58,(17,(25,31)))),((((((76,((14,(24,35)),((44,9),(6,73)))),(((84,(74,90)),(95,((12,40),(10,50)))),((85,98),((68,(83,88)),((3,64),(57,(63,19))))))),((((32,34),(28,(4,13))),(0,(86,(15,(2,(54,(26,29))))))),(16,1))),55),((39,69),20)),(45,((46,(41,56)),((5,59),((82,93),70)))))))))));
(69,(29,((49,41),(((((64,((90,74),((73,77),75))),30),(((12,40),(43,(21,(51,66)))),((96,(99,(78,92))),50))),((((1,46),(48,35)),(((((81,76),((54,26),((23,((59,5),(34,68))),(17,(31,25))))),((((63,(56,19)),(70,(33,(((52,62),37),(11,(47,53)))))),(36,58)),(45,(91,0)))),((16,(89,(((93,((97,95),(79,87))),(80,((82,94),84))),100))),(((83,88),(98,85)),((32,86),((28,(13,4)),((18,65),(42,72))))))),(7,20))),24)),((39,10,55,2),((15,6),(14,((61,((71,27),(44,(9,22)))),(57,((3,(8,67)),(60,38)))))))))));
(24,(8,((46,((55,14),((39,69),6))),(((38,(7,30)),(64,(20,(63,19)))),(((79,88),(57,(61,(34,27)))),((((((((35,26),(49,41)),(29,(5,59))),(67,(25,44))),(94,89)),((86,17),(((9,((12,(68,71)),50)),40),(((56,58),(80,((95,(3,((93,82),(91,97)))),((90,74),(83,(98,85)))))),(((100,(78,(75,(73,77)))),92),(51,((99,(84,23)),96))))))),(((66,(43,21)),((((48,22),28),(37,62)),(((81,76),(36,((13,4),(32,0)))),((33,((53,47),(52,11))),(18,(65,(42,72))))))),(((16,1),(54,(60,(45,10)))),(31,(87,70))))),(15,2)))))));
(20,(36,((64,(14,(35,68))),(((16,((71,7,30,96,78,2,6,55,56,24),(((((66,(51,(43,21))),26),(((9,(((18,(72,42)),65),63)),(86,(3,(67,8)))),((4,(13,28)),(48,(81,34))))),(61,(27,22))),(54,(((47,((32,33),99)),(53,(52,(37,62)))),11))))),((46,(1,(19,57))),((((38,(59,(58,((25,17,41,45),(49,31))))),60),5),44))),(((89,((76,(((77,73),75),94)),(80,100))),(((((((84,(74,90)),79),(97,(85,98))),(95,91)),(23,82)),((50,12),40)),(10,((88,83),(29,87))))),((69,39),(((15,0),93),(70,92))))))));
(34,((54,(29,26)),(((((((((47,53),((52,11),37)),62),33),(83,88)),(98,85)),(56,(75,(73,77)))),((82,93),(68,22))),(((51,(76,81)),((10,30),((46,(55,20)),(((5,(79,70)),(59,28)),0)))),((((97,91),(16,1)),(18,((32,((23,(7,36)),(21,43))),((69,39),((35,(14,45)),44))))),(((71,(27,(89,94))),((60,(38,(57,(3,(8,67))))),(64,(61,((13,4),(63,19)))))),((15,58),((99,31),((((12,(100,9)),(50,40)),((((87,(((48,92),(42,(72,65))),84)),((41,49),(25,17))),(24,95)),((90,74),(78,86)))),(66,6,2,96,80))))))))));
(2,((((70,((17,(25,31)),(41,58))),34),(((54,(29,26)),(94,(99,23))),(81,((52,((33,(47,53)),(11,(37,62)))),(56,(1,16)))))),((((7,(12,14)),(22,(89,(((9,(44,71)),(((57,64),(19,(63,3))),(27,(8,67)))),(61,(60,38)))))),(10,((76,0),(45,(75,(77,73)))))),((((15,(55,(46,((32,20),(69,39))))),(((28,(13,4)),((42,72),(18,65))),((6,((43,51),(66,21))),(48,86)))),(24,((40,(((((96,(92,78)),68),49),(100,80)),((30,(36,(59,5))),50))),((88,83),((79,(((95,91),87),(84,(74,90)))),((98,85),(97,(93,82)))))))),35))));
(29,(36,((15,(61,(67,(8,3)))),(((49,(25,31)),(26,(48,(17,41)))),((((((16,(78,92)),2),((19,(59,(68,5))),(((66,64),(22,(38,60))),(57,((45,35),(14,44)))))),(10,((12,(50,40)),(30,(20,((6,55),(46,(39,69)))))))),((43,(21,51)),(100,80))),(((99,96),(((89,94),((84,(74,90)),((91,(((98,85),(83,88)),(95,(97,(93,82))))),(79,87)))),((73,(75,77)),(86,81)))),((24,((58,(((42,72),(65,18)),(((34,63),(70,27)),54))),(23,((76,((56,0),32)),7)))),(((28,(13,4)),(33,(71,9))),(1,((((62,37),11),52),(47,53)))))))))));
(31,(((17,41),(25,49)),((29,(54,(39,(69,(32,(6,70)))))),(((26,(20,9)),(45,(71,44))),(((46,55),((((((37,62),(52,11)),((66,(51,(21,43))),(40,(16,1)))),((((27,(18,(65,(42,72)))),(36,0)),68),10)),((((57,((19,63),64)),33),(24,56)),((59,5),((((50,34),((53,47),(3,(8,67)))),((78,92),(99,96))),(60,38))))),12)),(2,(((((((93,82),(88,(98,85))),((91,97),95)),((84,(90,74)),(79,(22,(28,(4,13)))))),(83,87)),(48,58)),((((61,(35,(14,(75,(77,73))))),30),15),(((76,81),(7,23)),(86,(100,((80,94),89))))))))))));
(54,(((48,(58,(17,(49,41)))),((31,25),(30,(36,23)))),((((((93,82),(88,83)),((98,85),(87,91))),(97,95)),79),(((((7,(26,29)),(27,(61,22))),(((35,45,40),(50,15)),14)),(12,(78,(((81,76),99),(96,92))))),((((((51,(66,(43,21))),((6,20),((55,46),(39,(69,70))))),((74,(90,84)),(((89,100),80),(75,(77,73))))),(((38,60),(57,(44,71))),10)),((((((62,(52,37)),(33,((47,53),11))),(16,1)),9),(2,(28,24))),((((3,(32,(4,13))),(86,0)),((68,(59,5)),94)),(((72,42),(18,65)),(19,63))))),((34,56),(64,(8,67))))))));
(15,(2,((20,(29,99)),((((71,(14,35)),(56,((((19,64),57),63),(17,((25,31),(41,49)))))),((45,(70,(39,69))),(6,(55,46)))),(((((40,50),86),26),(((83,88),((78,(92,96)),((74,90),(((((85,98),(((91,97),(82,93)),(95,87))),79),81),(80,100))))),(24,(16,1)))),(((89,94),9),((((22,7),(12,10)),((58,(73,(77,75))),(5,(68,59)))),((44,(54,61)),(66,(((34,(28,(13,4))),((21,43),(3,(67,8)))),(((((18,72),(65,42)),(48,0)),(60,38)),((((76,(30,(23,36))),(27,(33,((37,62),(52,(11,(53,47))))))),84),(51,32)))))))))))));
(32,((96,(99,(92,78))),((81,28),((((((((94,76),((74,56),89)),3),(9,5)),(((36,(80,100)),(((57,(14,19)),(10,((40,12),50))),(22,44,45))),(((64,(38,60)),(8,67)),((27,(66,61)),(65,((42,72),18)))))),(71,(49,(63,34)))),23),((((20,55,46),(70,6)),(39,69)),((24,41,51,86),((((31,17),48),(((58,((62,(37,53,47)),((11,52),33))),(30,((77,(73,75)),(((((91,95),97),(83,87)),((88,(98,85)),(79,(93,82)))),(84,90))))),((68,(4,13)),(25,0)))),(((35,((21,43),(15,59))),((16,1),(54,(2,(26,29))))),7))))))));
(1,(16,(((((((38,60),(44,(63,9))),((57,(22,61)),(19,((67,(8,3)),64)))),14),(35,24)),((48,15),(45,2))),((((7,20),((55,((73,77),75)),(46,((((6,(69,39)),((66,(21,(43,51))),((58,((89,94),(79,(84,(90,74))))),(30,(23,36))))),(34,(68,(59,5)))),((41,49),((76,70),(86,17))))))),(((31,25),(54,(26,29))),((40,12),(50,10)))),(((((53,47),(11,((62,37),52))),(13,71)),(((85,98),(83,88)),((100,80),(78,(96,(99,92)))))),(((56,(81,32)),(87,((97,(95,(93,82))),91))),((27,(((42,72),(18,65)),33)),((28,4),0))))))));
(69,(24,(((((40,(88,((84,74,90),((95,(81,(92,(99,(78,96))))),(79,((75,77,73),(83,(98,85)))))))),(((28,(13,4)),55),46)),((10,12),(87,((91,97),(93,82))))),((((7,(35,(26,(54,29)))),((65,((42,72),18)),(11,(48,(58,(31,25)))))),(41,(49,17))),((((53,(62,37)),(33,47)),34),((15,(((56,76),0),32)),2)))),((6,((((66,(21,43)),9),((64,(59,5)),57)),(((44,(((51,((1,16),(14,52))),50),(63,19))),((100,(((22,(94,89)),(3,(38,(61,86)))),(67,8))),(60,(20,(27,68))))),(((30,(36,23)),(45,70)),(71,80))))),39))));
(23,((30,36),(((70,15),7),(((14,((((77,(75,73)),((92,78),(96,99))),(66,(88,((85,98),83)))),35)),(24,(56,(1,16)))),(2,((46,55),(((((20,((64,63),(57,19))),((44,(71,9)),((68,(59,5)),(41,(49,(31,25)))))),((67,8),(((38,60),(22,(61,27))),(86,(18,65))))),((48,(6,(((94,89),(80,(100,((84,(74,90)),((87,79),(95,(97,(91,(82,93))))))))),32))),(39,69))),(45,((((10,(3,((26,29),(81,76)))),(50,(40,12))),(((0,(13,(28,4))),((21,(43,51)),(34,((11,((53,47),(37,62))),(33,52))))),(54,(72,42)))),(58,17))))))))));
(52,((12,(50,40)),((81,((28,(4,13)),(26,29))),((((66,((51,(21,43)),47)),((56,53),(((8,3),(67,38)),(60,(63,19))))),((78,92),((70,22),(9,(34,71))))),(((69,(((33,(((76,(72,27)),49),(65,(18,42)))),36),(75,73,77))),(32,(62,59))),((((17,99),(0,7)),((20,41),(((91,97,95,90,100,80),(((89,74),(82,((98,85,88),83))),(84,(87,93)))),(79,94)))),(1,16,24,11,37,5,57,64,68,25,31,58,45,48,35,14,10,6,39,46,55,44,61,86,96,30,23,54,15,2)))))));
(94,(89,((12,40),((64,((57,(19,63)),30)),((24,((45,16),2)),((((51,(66,(21,43))),((38,60),((96,(92,78)),(23,(36,7))))),((50,(76,29)),(((((17,(31,25)),(49,41)),(((37,(62,(11,52))),((47,53),33)),((65,(18,(42,72))),((34,(70,(28,(13,4)))),27)))),((59,(((32,56),68),(86,(99,0)))),(((95,((84,(90,74)),((82,93),(97,(91,((98,85),(88,83))))))),(81,(87,79))),5))),(54,26)))),((((77,(73,75)),(100,80)),(14,(48,(55,46)))),(15,((((58,(((8,67),(71,9)),(44,(22,61)))),(35,(3,1))),(6,69)),((10,39),20))))))))));
(20,((5,59),((22,(1,16)),(45,((((86,(48,(100,(80,89)))),68),2),(((((61,(27,(23,(42,72)))),(71,(9,44))),(((7,30),((36,(34,(47,53))),((39,69),((6,32),(46,55))))),14)),((15,10),(35,((66,(51,(21,43))),(75,(73,77)))))),((((50,(40,12)),(58,(((60,38),(54,(33,((37,62),(11,52))))),(57,64)))),((19,(29,26)),(18,65))),(((3,(8,67)),(76,56)),((((((28,(4,13)),(17,(31,25))),70),24),((41,49),((0,94),(((83,(88,(85,98))),(((92,78),(96,99)),81)),(((90,74),84),((93,82),(97,((95,(87,79)),91)))))))),63)))))))));
(24,(2,20,((78,(((96,99),92),(73,(77,75)))),((((((80,100),((94,((74,(90,84)),((95,((82,93),(98,85))),(91,97)))),(89,((88,(79,87)),83)))),17),((48,41),(7,86))),(((15,(54,29)),(58,26)),(31,25))),(((32,((55,46),((39,69),6))),(12,40)),(((18,10),(59,5)),((68,((22,(34,(3,(8,67)))),((81,(45,(14,35))),((((53,47),((52,((62,37),11)),33)),((50,49),((1,16),((((27,0),(13,(28,4))),((63,(57,19)),(56,(64,(70,(65,(42,72))))))),(((23,(66,51)),(36,30)),(21,43)))))),((60,44),(61,38)))))),(76,(71,9)))))))));
(96,((78,(92,99)),(((58,14),(45,35)),((2,(50,(46,55))),((((61,27),(71,((9,44),(60,38)))),(10,(22,(48,(67,8))))),(((((36,(23,30)),(86,(42,72))),(64,(57,(7,40)))),15),(((((((94,89),(((37,(62,11)),(52,53)),((49,((25,31),(17,41))),(0,(56,(28,(13,4))))))),(33,47)),(75,(77,73))),(24,(16,1))),((((69,(20,39)),((32,(66,(51,(21,43)))),((65,18),(34,(68,(59,5)))))),6),12)),((54,(26,29)),((((70,63),19),((3,76),81)),(((82,93),((87,79),(97,(91,95)))),(((83,(88,(98,85))),(84,(90,74))),(80,100))))))))))));
(9,(((48,81),(33,(11,((53,47),((37,52),62))))),((54,(44,60)),((1,16,15),(((((3,(8,67)),(75,(77,73))),14),((64,(50,(26,29))),((61,27),22))),((((57,63),((99,(92,(96,78))),(((87,91),((((95,((74,90),(84,0))),(97,(93,82))),79),((98,85),(83,88)))),(100,80)))),(((((65,(18,(42,72))),76),19),86),((((12,40),(7,68)),(((((30,((23,56),(36,32))),(35,66)),((5,59),((55,69,39),((46,70),(20,6))))),(58,((71,38),10))),(((31,(25,(41,49))),(17,34)),((28,(13,4)),45)))),(43,(21,51))))),((2,(89,94)),24)))))));
(49,((15,(54,(29,26))),(41,(((81,76),(45,((((77,73),75),(80,(89,100))),57))),(((56,20),(40,12)),(69,(((14,35),(53,(33,((37,62),(11,(52,47)))))),(((10,66),((31,25),(68,(59,(5,(70,32)))))),((((((96,78),(92,99)),(24,(23,36))),((3,(67,8)),((94,((74,90),(84,(79,((((95,(88,87)),(93,82)),97),(91,(83,(85,98)))))))),(7,30)))),(((((38,(((34,(4,13)),((19,27),(22,(63,(61,64))))),0)),((28,(51,(43,21))),48)),(60,(18,((72,42),65)))),(44,(9,71))),2)),((16,1,50,58,17,6,39,46,55),86))))))))));
(39,((69,32),((6,70),((15,54),((26,(24,((51,66),(43,21)))),((((45,(16,76)),((((73,77),(75,(100,80))),(81,89)),(94,(((93,82),(91,84)),((95,97),(74,90)))))),((35,(40,50)),(((31,(17,25)),((59,68),(55,46))),12))),((((9,(44,(71,(22,(27,61))))),((58,34),((3,(67,8)),(64,(((10,(28,(13,4))),19),57))))),((79,87),((((33,((53,((52,62),37)),(11,47))),(((98,85),(83,88)),(38,60))),(41,49)),(1,((((30,(0,(23,36))),7),(((65,18),(42,72)),(63,(56,5)))),14))))),(((29,48),(20,86)),((96,(78,(99,92))),2)))))))));
(59,(((((((51,66),(22,(18,(65,(72,42))))),(25,(41,(17,31)))),(27,(34,81))),(20,(43,21))),(((((47,53),(33,(52,((62,37),11)))),((54,(32,(13,(4,28)))),(63,((83,98),(85,88))))),((67,99),((3,8),76))),(((((14,(69,45)),(39,(10,(50,12)))),(55,46)),(((2,9),(((23,36),((29,26),(16,1))),(70,58))),24)),((40,6),15)))),((89,((79,(95,((93,82),(((90,(74,84)),91),97)))),(35,86))),(((61,((49,0),(56,87))),(((44,(38,(71,60))),((92,(78,96)),((100,((73,77),(94,75))),80))),(48,5))),((7,68),(((30,19),57),64))))));
(74,(90,(10,((63,2),(((((61,((40,(32,50)),((54,(83,88)),(84,(98,85))))),(((71,(36,(26,29))),((22,((56,(28,(13,4))),((5,76),27))),12)),((60,38),9))),((57,64,30,15,24),((80,(20,((39,6,46),(69,55)))),(8,(66,86))))),((((0,65),(89,59)),(7,((25,58),91))),((16,(44,(99,(67,3)))),(81,(((11,(33,((47,53),(52,(62,37))))),(77,(75,73))),(23,1)))))),((((96,((78,100),(92,94))),(95,(18,(72,42)))),(79,(19,(70,87)))),(48,((((17,(49,41)),(82,93)),(((45,97),14),(68,35))),((34,31),(51,(21,43)))))))))));
(26,(29,((95,((97,(82,93)),(79,91))),((((68,(5,59)),(99,((((3,(9,8)),(86,(84,(90,74)))),(((27,32),((((0,70),(((98,85),87),(88,83))),(81,94)),((31,(17,(25,41))),(4,13)))),((58,48),(54,49)))),((50,(76,51)),(23,(40,12)))))),(((56,16),(((((71,19),(57,(64,63))),67),((38,60),(44,(61,22)))),((15,(((78,92),(((75,(73,77)),89),(100,(20,80)))),(2,21))),24))),(((53,47),(11,(37,52))),33))),(45,((96,(30,7)),((14,((46,((6,(69,39)),55)),((((34,28),(35,36)),(43,66)),((42,72),(65,18))))),((1,62),10))))))));
(46,((6,39),((69,55),(((((16,1),100),((74,(22,(88,83))),(92,(78,(99,96))))),((73,77),75)),((57,((70,32),(((3,(8,67)),(27,61)),((98,85),((72,42),(65,18)))))),(((24,((((80,89),(((76,79),(90,84)),((93,82),((97,(91,95)),87)))),((28,(4,13)),((81,(23,(33,((37,62),(11,((47,53),52)))))),((49,86),((56,0),(50,(40,12))))))),((64,(((43,21),(51,66)),(20,48))),(63,9)))),((38,60),(44,71))),((10,(19,(((((59,5),(35,45)),15),(29,(54,26))),(((41,(25,31)),(68,58)),(94,(34,17)))))),(2,((7,30),(36,14))))))))));
(55,((((46,69),(32,70)),(39,6)),((((50,(12,40)),(20,10)),((35,(45,(14,(41,58)))),(49,(25,(31,17))))),(((((15,((24,(16,1)),(54,29))),26),2),(((94,((99,((78,92),(89,(75,(73,77))))),(96,(81,(76,0))))),((((59,5),(36,((65,18),(42,72)))),((23,(28,(4,13))),86)),(48,(((47,53),(11,(37,62))),(33,52))))),(((7,((57,((71,(3,9)),44)),22)),(30,(61,(((66,(51,(21,43))),68),34)))),((64,(63,19)),(38,60))))),((67,8),((80,100),((90,74),(((87,79),(84,(27,(88,((85,98),83))))),(91,((56,(97,(93,82))),95))))))))));
(16,(((51,(43,21)),((44,71,10),(9,(86,((75,(77,73)),((78,92),(96,99))))))),(((55,(20,(68,(5,59)))),(46,(40,(50,12)))),(((((((70,(49,41)),(((57,((2,(26,29)),15)),(72,(42,(65,18)))),(17,(67,(3,8))))),24),(35,((38,60),(27,22)))),(6,((30,(53,47)),(7,(32,(39,69)))))),((((63,((66,76),(81,(11,33)))),(23,(36,(54,(28,(4,13)))))),(48,((((95,(93,82)),97),(((79,((0,(83,88)),(98,85))),87),(91,84))),(90,74)))),((61,(34,((25,31),(89,94)))),(56,58)))),((100,1),(((19,64),(80,(52,(62,37)))),(14,45)))))));
(33,(52,(((94,89),((78,96),(92,99))),(64,((((71,(48,34)),((((9,((53,47),(11,(37,62)))),(72,56)),30),35)),(((((46,((77,(75,73)),55)),((58,(41,25)),((5,59),(100,80)))),((24,(7,44)),(((14,45),(49,(17,31))),1))),(28,((((29,2),(15,54)),(13,4)),((((50,40),(12,10)),68),(((20,(6,(70,((32,39),69)))),(26,((81,76),((((97,95),(84,(74,90))),((87,79),(91,(82,93)))),(85,(98,(83,88))))))),(((((61,(60,38)),(8,(3,67))),57),22),19)))))),(0,16))),((36,86),((((42,(65,18)),23),(51,(66,21))),(63,(27,43)))))))));
(50,((40,12),(((68,(59,5)),(35,48)),((10,((45,14),((41,(49,(25,31))),(17,58)))),(2,((((19,((64,(63,(81,8))),57)),((22,30),1)),(16,7)),(24,((15,(39,((69,(55,34)),(6,46)))),((((80,89),((94,(95,((91,97),(93,82)))),83)),((90,74),(84,((79,87),(88,(98,85)))))),(((((((92,((38,60),(71,44))),((75,(73,77)),(78,96))),100),61),((((27,0),(23,36)),(62,((52,53),(11,(37,47))))),(((33,(70,32)),((42,72),(65,18))),(9,86)))),(((66,((43,21),51)),(99,54)),((26,29),(20,(56,(67,3)))))),(76,(28,(4,13)))))))))))));
(51,(((7,((18,(65,(42,72))),(8,67))),45),(((60,38),(((27,(9,61)),22),(44,71))),((((((63,(28,(13,4))),(23,(36,30))),(((0,20),64),66)),(10,(57,(68,(59,5))))),(99,((((((((89,94),(87,80)),(77,(73,75))),(100,((93,82),(97,(83,(98,(85,88))))))),(81,((95,91),76))),79),(92,78)),96))),((24,(43,21)),((6,(((69,39),(32,(70,35))),(46,55))),((15,(((58,48),(14,((49,41),(17,(25,31))))),(((((86,(74,(84,90))),19),56),((16,1),(29,26))),(12,(40,(34,50)))))),(2,(54,(3,((33,(11,(52,37))),(53,(62,47)))))))))))));
(23,(63,(64,(87,(((32,(65,(18,(33,(28,(13,4)))))),(11,99)),(((((((5,40),12),(68,34)),(50,59)),((51,(66,(21,43))),(29,20))),(26,54)),((94,(80,(89,(100,81)))),((((((62,(37,52)),(36,(47,53))),(35,(72,42))),24),(((44,((61,(22,(60,38))),(71,9))),((27,70),((69,39),(19,(1,16))))),7)),((((6,((46,14),55)),((79,57),(((48,((17,41),(31,49))),(58,25)),45))),10),((((30,(84,(74,90))),(((3,(67,8)),(76,(56,0))),((((88,83),(97,91)),95),(93,(98,85))))),(((92,78),(82,96)),15)),((75,(77,73)),(2,86))))))))))));
(14,(86,(((82,93),20),((34,(2,(5,((79,((95,(74,90)),87)),((3,8),(97,91)))))),((51,55),(((((((40,12),1),(63,((19,17),(57,(67,64))))),((25,31),(71,(((11,(37,(52,62))),(33,(47,53))),((99,((100,80,78),((94,96),92))),(((81,76),((54,89),26)),29)))))),((84,(6,(39,(32,69)))),((24,50),(58,((73,77),36))))),((68,75),((41,(48,49)),(16,56)))),((22,61),((60,44,46,15,10),(((45,((70,0),(18,((72,42),65)))),((9,(27,98)),38)),(((28,(4,13)),((85,(88,83)),(23,30))),(35,(59,(7,(21,(66,43)))))))))))))));
(12,((40,10),(((30,36),((52,(11,(37,62))),(33,(53,47)))),(((61,22),((99,(5,59)),24)),((((46,(6,((69,39),(48,45)))),((89,((80,100),(((84,(74,90)),((85,98),(83,88))),(94,((87,79),((97,91),(95,(82,93)))))))),(78,92))),((54,((57,(19,64)),((60,38),(3,(8,67))))),(86,66))),((((41,49),((17,31),(58,25))),((50,(13,4)),(14,((7,20),(((35,(((34,27),63),(51,(43,21)))),(((((16,1),56),((((81,76),(75,(77,73))),96),(55,(32,(71,(44,9)))))),(28,18)),26)),((65,(72,42)),(((23,0),70),68))))))),(29,(15,2))))))));
(77,(((((0,35),((59,5),(((93,82),23),9))),((((100,80),94),((81,89),76)),45)),((((29,26),(32,(86,56))),((41,49),(67,(8,3)))),(19,(84,((98,85),(83,88)))))),((55,46),(((((52,((11,(33,47)),(62,37))),39),(70,(24,61))),(95,68)),((((64,(57,30)),14),(((20,(87,79)),(((51,(43,21)),(50,(58,48))),36)),(6,(63,((72,42),(18,65)))))),((((2,(16,(1,66))),(10,(40,12))),(69,(44,38))),(((73,(71,(97,91))),((60,(90,74)),(22,(54,15)))),(((75,(78,(92,(99,96)))),(7,27)),((25,17),(((31,34),53),(4,(13,28))))))))))));
(9,(86,((((6,(27,35)),(((66,36),((54,((0,23),58)),(83,(88,(85,98))))),(((62,((95,26),(33,(93,82)))),((((11,37),(47,53)),(48,(((42,72),(51,(21,43))),(8,34)))),((13,(28,4)),(56,(71,18))))),((99,(19,(3,81))),(((24,69),((31,25),(59,5))),67))))),(38,65)),((((39,(94,(50,(40,12)))),(32,(17,(76,45)))),15),(((57,(64,(55,29))),((44,(30,14)),(((60,(((1,16),(7,(96,(100,((92,((49,41),(52,80))),78))))),(20,70))),10),(46,2)))),(((97,89),(63,22)),((75,73,77),(61,(87,(68,(((79,91),(90,74)),84)))))))))));
(54,(26,((15,29),(2,((((51,(43,21)),(32,70)),((28,(13,4)),((42,72),(65,18)))),(((((96,99),78),92),((75,(77,73)),81)),((((59,5),((24,16),(76,(((((89,94),(((83,88),(98,85)),(95,((79,87),((91,97),(93,82)))))),80),(74,(90,84))),100)))),(20,(((((22,61),(3,44)),((68,9),((27,(8,67)),64))),((19,(34,33)),(0,71))),(60,38)))),((((39,((69,46),6)),55),((63,35),(((48,(58,41)),(66,(45,(11,((53,47),(52,(37,62))))))),((56,7),((23,36),30))))),(((50,12),((40,(86,10)),57)),((1,14),((31,(17,49)),25)))))))))));
(94,(89,((80,((84,(74,90)),((95,((97,91),(88,83))),(82,93)))),((75,(77,73)),(100,((55,7),((((66,((43,21),51)),(((39,69),(46,6)),(58,(17,31)))),(((((16,1),(10,(12,(40,50)))),(((29,26),(2,15)),(68,(5,59)))),(24,(49,(25,41)))),(((33,((11,(52,(53,47))),(37,62))),(70,32)),(81,(42,(72,(65,18))))))),((((67,3),((45,(19,23)),(36,56))),(20,14)),(((((((35,(61,27)),(76,(0,(28,(13,4))))),57),63),64),(22,8)),((((34,((85,98),(87,79))),((38,60),(44,(71,9)))),48),(((78,(99,(92,96))),54),(30,86))))))))))));
(48,((((28,(4,13)),(40,(12,50))),(((((((100,80),(93,(((87,(88,83)),((89,((95,97),79)),(82,(91,(84,(74,90)))))),(94,(98,85))))),0),(54,15)),68),((20,46),(55,(6,(39,69))))),(10,45))),(((57,(92,(78,(99,96)))),((24,(1,16)),(14,((29,26),(77,(75,73)))))),(((((81,66),(((38,(60,(44,(9,71)))),(56,(5,59))),((76,27),((11,((47,53),((62,52),37))),34)))),(36,(23,30))),((((22,86),((72,42),(65,18))),(((58,31),((41,49),(17,25))),((70,33),(32,(51,(43,21)))))),(61,((67,(8,3)),(64,(19,63)))))),(35,(2,7))))));
(46,((30,(7,36)),((((((94,89),(79,(95,((85,98),(88,83))))),(((28,87),((90,74),(91,((82,93),97)))),84)),(0,86)),(((((23,(4,13)),56),19),((76,81),((47,53),(52,(33,(11,(62,37))))))),(((9,((99,(92,(78,96))),(75,(73,77)))),50),(((3,(8,67)),((38,(27,(60,64))),20)),((57,((72,42),(18,65))),(22,63)))))),(((24,(61,55)),((80,100),((16,1),(44,71)))),(((29,(54,26)),(15,2)),(((45,(14,40)),(((58,10),12),(48,35))),(((((39,69),(6,32)),(((17,31),(25,(49,41))),(21,43))),((5,(68,59)),(34,70))),(66,51))))))));
(76,((((78,96),(92,99)),(90,(74,84))),(((((16,1),(10,(12,(40,50)))),((80,((89,94),((95,(79,87)),((91,(97,(93,82))),(((85,98),83),88))))),(((2,15),(54,(26,29))),56))),(((68,(59,5)),(100,(77,(73,75)))),((24,((55,(((70,(58,((49,41),(17,(31,25))))),69),46)),((39,32),6))),((18,(65,(42,72))),(((3,(27,(67,8))),((((11,(52,((62,(33,53)),(47,37)))),(28,4)),0),((9,34),81))),(13,((((60,38),(19,(63,57))),64),(86,(22,61))))))))),((20,((45,(35,48)),14)),(((66,(51,(21,43))),(71,44)),(36,(7,(30,23))))))));
(24,(66,17,25,41,35,10,7,39,20,5,45,15,2,((((96,99),((34,(48,((72,42),(18,65)))),69)),((21,43),(78,58))),((40,12),((((27,(((60,38,44),(9,71)),(22,61))),70),26),(((((100,80),((87,((79,(82,93)),((91,97),((88,(83,(98,85))),95)))),((89,94,74),((77,73,75),(84,90))))),((33,31),((68,59),29))),((0,67),(46,55))),((((((64,57),(19,(63,(3,8)))),((4,13),28)),((49,32),30)),((((81,76),56),(86,(51,50))),((14,6),54))),((92,(23,36)),((47,((53,(37,62)),(52,11))),(1,16))))))))));
(78,(80,(15,(((((26,(35,14)),(71,24)),((51,66),(99,(77,73,75)))),(((((95,((((97,91),(((98,85),((83,88),(87,79))),(93,82))),(84,74)),90)),54),(16,(((37,62),((11,(53,47)),(52,33))),56))),(((86,89),((43,21),(76,0))),((((36,7),(34,(28,(13,4)))),30),(((81,3),(((60,22,44),(((65,(18,(72,42))),23),61)),((((8,67),27),38),((57,64),((9,19),63))))),(((68,10,40,50,48),((70,((46,55),(69,(6,(32,39))))),(12,29))),((20,(58,((17,(25,31)),(49,41)))),45)))))),(92,(94,(5,59))))),(1,96,100,2)))));
(25,(41,(49,((58,(17,31)),((20,7),(((40,12),69),(((3,30),(11,10)),((((50,(67,8)),((((51,43),(66,(21,(13,94)))),23),68)),((84,(35,0)),(86,44))),(((71,61,48,14,45,32,6,55,46,24,56,16,59,90,74,85,82,91,97,95,87),((((4,(28,88)),(((2,15),((26,29),(1,99))),(33,54))),(((75,81,100,96,92,78,98),(80,(77,73))),(76,70))),(79,(((63,(64,(57,19))),(38,60)),(89,(9,27)))))),(((22,39),(36,(5,(65,(18,(42,72)))))),((93,(83,(47,((52,53),(62,37))))),34)))))))))));
(5,(((((91,97),(95,(84,(74,90)))),(45,((((86,((47,53),(37,(11,(52,62))))),((87,(79,(82,93))),(33,94))),(41,17)),(75,(73,77))))),(((96,99),78),92)),((((24,(15,(27,(22,61)))),((((((60,38),(54,(29,26))),(35,(81,(40,12)))),((66,(21,43)),(16,(34,(32,(83,(88,(98,85)))))))),((20,((((14,55),69),39),((6,46),51))),50)),(((25,31),(48,(100,(80,89)))),((49,(76,3)),(7,(71,(44,9))))))),56),((58,((1,(68,59)),(((57,64),(19,63)),8))),((2,(67,(30,(23,36)))),((10,(0,(28,(13,4)))),(70,(42,(65,(72,18))))))))));
(39,(69,57,(((19,38),(68,60)),((22,((67,8),(51,(43,21)))),((((((58,(34,(65,(18,(72,42))))),(49,76)),((45,14),(46,55))),(((63,(5,28)),(17,41)),48)),64),(((20,61),(3,(44,(9,71)))),(((16,1),(54,86)),(((12,40),(6,(36,94))),((((7,30),(59,(66,((31,25),(35,0))))),(29,26)),((10,24),(2,((15,70),((((4,13),(56,23)),(32,50)),(((33,(37,((47,53),((52,62),11)))),27),((((79,87),(95,((97,91),(82,93)))),((85,98),(83,88))),((96,74),(78,((89,(90,92)),((81,(75,(77,73))),((100,80),(99,84)))))))))))))))))))));
(46,((20,70),(55,(((23,(36,30)),(58,((41,49),(31,(17,25))))),(((((((((87,(98,(83,(85,88)))),95),79),(74,(90,(84,(91,97))))),(93,82)),(61,((29,(26,54)),((51,(21,43)),86)))),(0,56)),45),((15,2),(((((((89,94),(100,80)),((12,40),(7,66))),((96,(92,(78,((73,(77,75)),99)))),((38,22),(((19,((59,5),(64,57))),((8,(67,3)),(44,71))),60)))),10),((68,((39,69),(6,32))),(34,(63,27)))),(((9,((11,((52,(37,62)),(53,47))),33)),14),((24,((16,1),50)),((((72,42),(18,65)),((81,76),(48,(28,(13,4))))),35))))))))));