(68,((15,(69,39)),(((56,(((7,(11,((37,62),(47,(53,52))))),(55,((76,46),(((78,((92,99),(96,(90,((84,74,73,77,81),75))))),((100,80),(94,89))),(95,((91,(93,82)),((((85,98),87),79),(97,83,88)))))))),(((18,65),(72,42)),(((35,((58,(48,17)),(14,49))),(((31,41),25),45)),50)))),((54,30),(36,(20,33)))),((40,5,23,24),(((((((21,3),(19,(4,(28,13)))),((44,71,9),((43,(60,38)),((67,8),(22,61))))),((12,(10,86)),63)),((64,57),(51,66))),((70,(29,26)),59)),(((6,(0,27)),(32,2)),(34,(1,16))))))));
(24,(((92,78),(96,(75,(77,73)))),(((((((((2,(1,26)),(46,(70,((39,32),((55,6),69))))),(44,(64,57))),((((48,(20,((86,(76,81)),((33,(13,(28,4))),((72,42),(65,18)))))),(99,29)),(((((97,(((82,93),91),87)),(95,((98,(85,(88,83))),(74,(90,84))))),(100,((94,89),(80,79)))),(63,27)),((49,(41,(31,25))),19))),54)),14),((40,(35,(23,7))),(58,((36,30),(12,50))))),45),15),(((((60,38),(((((11,(37,62)),(52,(47,53))),(22,((71,34),9))),(3,(67,8))),(17,61))),((68,56),(59,5))),((51,(21,(66,43))),(16,0))),10))));
(55,(46,20,68,2,(((((19,(57,59)),14),(((7,23),(30,36)),(69,(96,99)))),(54,(29,26))),((48,(((24,(25,(66,(21,(43,51))))),(((22,(44,(71,61))),70),((6,(38,(60,(47,(53,(11,(52,(62,37)))))))),((64,((10,(12,(50,40))),((17,31),(41,(45,49))))),(63,34))))),(32,(((18,42),(72,65)),(28,(4,13)))))),(((95,((87,84),(((92,100),((79,(74,90)),((94,89),78))),(80,((97,(82,93)),91))))),((15,(1,16)),(86,(((83,(88,(85,98))),5),58)))),((39,35),(((9,27),(33,(3,(67,8)))),(((76,81),(75,(73,77))),(56,0)))))))));
(34,(0,((((70,(39,(69,32))),45),(((50,10),((55,46),(35,(40,12)))),((14,6),(68,(5,59))))),((15,(87,((91,(((98,85),(83,88)),((82,94),(((80,100),(89,97)),(93,(95,(84,(90,74)))))))),79))),((20,92,78,2),((((((66,(51,(21,43))),(29,26)),((31,(17,25)),(81,48))),(((62,37),47),(58,54))),(((((((60,(((22,27),(61,(44,(71,9)))),38)),(64,(63,19))),((42,72),(65,18))),(((3,(8,67)),57),((11,(52,53)),(75,(73,77))))),99),(((76,(28,(13,4))),(23,(33,(49,41)))),86)),((56,(16,1)),(36,30)))),(96,(7,24))))))));
(3,(68,((19,50),((15,58),((((48,(41,(31,49))),((29,26),(((((86,10),((22,61),(75,(81,(73,77))))),30),((55,39),(((69,32),6),46))),7))),(((38,60),(71,9)),(44,(((100,80),((((74,90),(91,(82,93))),(97,95)),((((85,98),(88,83)),(79,84)),(89,94)))),(27,((78,92,96),99)))))),(((((16,(1,23)),(20,(57,(63,64)))),(45,14)),(2,24)),(((((((33,(11,62)),(18,(72,42))),((0,(28,(4,13))),36)),(70,(43,(21,51)))),(((8,67),((5,59),(56,87))),(65,((12,40),(66,34))))),(((52,37),(53,47)),35)),((76,54),(25,17)))))))));
(33,(((48,32),25),(((((((50,(40,12)),((66,51),(16,1))),24),(10,(89,94))),(((81,(65,((73,75),77))),(99,(96,(78,92)))),((((((57,(64,((63,((100,80),(84,(90,74)))),19))),((70,3),(34,(28,(13,4))))),(44,9)),(7,(2,15))),((21,43),((71,(29,(26,54))),((36,(30,23)),(76,(60,38)))))),86))),(((61,((95,((91,(97,(87,(((85,98),88),(82,93))))),79)),(0,(83,27)))),(22,(67,8))),(18,(72,42)))),(((46,(20,55)),(58,((31,17),(49,41)))),(14,((35,((47,53),(37,(62,(52,11))))),((45,(39,(6,69))),(56,(68,(5,59))))))))));
(0,((6,94),(((17,(25,31)),70),(((39,41,49,14,38,60,66,45,7,24,77,75,73,80,100,78),(56,20)),(((((21,(43,51)),(((19,63),((57,64),((3,(67,8)),((22,61),27)))),(76,(5,86)))),((68,15),(30,((10,50,46,55),(40,12))))),(((((72,(65,(18,42))),48),2),((54,92),(((59,99),(16,(28,(4,13)))),96))),((((29,26),81),((33,(11,((62,37),(52,(53,47))))),(36,(32,23)))),((69,((88,(((90,83),((87,(74,79)),(((97,91),(98,85)),84))),((82,93),95))),(44,(9,71)))),(89,58))))),(1,(34,35)))))));
(46,((55,(39,69)),((((38,(3,(8,67))),((66,(20,(72,(42,(18,65))))),81)),(((83,((6,70),(95,(79,(84,(88,(74,90))))))),(64,57)),((96,(78,(75,(77,73)))),((((80,94),89),100),(92,76))))),(((45,(((99,56),((34,0),((32,(13,(28,4))),(98,85)))),(7,(30,36)))),(((((((17,31),(((22,(61,((44,(71,9)),68))),((91,(97,(82,93))),(63,19))),((59,5),(49,(58,(41,25)))))),((23,(87,(27,(51,(43,21))))),86)),((24,((11,37),((53,(52,33)),(47,62)))),(1,16))),((2,(48,(26,(54,29)))),15)),(35,14)),(10,60))),(12,(50,40))))));
(35,((((0,76),(16,1)),((48,((49,41),(17,(31,25)))),(28,(4,13)))),(((((69,(70,39)),(6,32)),((10,(50,(12,40))),((72,42),(18,65)))),((51,(43,21)),((60,38),(61,27)))),(((24,15),(((((86,(81,(77,(73,75)))),((((82,(87,(74,(84,90)))),((79,91),(95,(97,93)))),((98,85),(83,88))),(((89,94),80),100))),23),(((14,(45,58)),(7,(20,(46,55)))),(33,(((53,47),(52,11)),(62,37))))),((36,30),((96,56),((99,78),92))))),(((((63,(67,(8,3))),(57,64)),19),(((59,5),(34,68)),(22,(9,(44,71))))),(2,((26,29),(66,54))))))));
(100,((94,89),((2,(15,54)),((((59,5),68),(50,(40,12))),(((20,46),14),(((86,(24,(64,57))),((7,(66,(51,(43,21)))),(((44,(99,(78,(92,96)))),((9,(71,10)),(38,60))),(6,((81,(61,22)),(69,39)))))),((((((55,(29,26)),(((31,25),((67,8),45)),(19,58))),((16,1),(30,(56,3)))),(((0,76),(13,(28,4))),(((36,27),(23,34)),(63,((32,(65,(18,(72,42)))),(33,(53,47))))))),(35,((80,((((82,93),(87,74)),((97,79,90),((84,(91,(88,83))),95))),(98,85))),(70,(52,((62,37),11)))))),((73,(75,77)),(48,(17,(49,41)))))))))));
(86,(((66,(51,(21,43))),94),(((((99,(79,87)),(96,92)),(78,((84,((98,85),(90,74))),(95,(88,83))))),(19,(26,29))),((50,(((100,80),89),(16,(9,71)))),(((((45,(56,64)),((77,73),75)),((41,(55,(46,(6,(69,39))))),((35,54),(14,(12,10))))),(((((11,37),(33,(62,((53,47),52)))),(((49,(25,((42,72),(65,18)))),31),17)),((8,67),(1,48))),((((((63,(82,93)),91),97),27),((40,((58,3),(32,34))),(70,20))),((36,23),((0,(28,(13,4))),(81,76)))))),(((57,(61,(44,(59,(68,5))))),(((38,60),(7,30)),(22,2))),(24,15)))))));
(24,((((5,59),(96,(92,78))),(1,16)),((((((((70,99),0),(81,76)),20),(((18,65),(42,72)),(51,(66,(21,43))))),((((17,((25,31),(84,(74,90)))),34),(10,(40,(50,12)))),(((52,(53,47)),(11,(33,(37,62)))),(56,(28,(13,4)))))),((100,80),(89,(((79,(82,93)),(97,(91,(95,(((85,98),(83,88)),87))))),68)))),(((35,(14,45)),(((32,48),(6,(((69,39),55),46))),(75,(77,73)))),((49,(41,58)),(((23,(27,61)),((86,((((64,63),19),57),((38,60),(22,(44,(71,9)))))),(94,(3,(67,8))))),((15,(2,(54,(26,29)))),(30,(7,36)))))))));
(7,(15,(2,(61,((((((57,(48,66)),(35,((((38,60),(56,(1,16))),(65,18)),(36,(34,(76,23)))))),((69,(39,(6,70))),(((63,(27,(42,72))),((32,71),(28,(13,4)))),(10,((((11,(62,37)),52),(33,(47,53))),(0,22)))))),(((3,((67,8),9)),((51,(43,21)),(5,59))),(45,(50,(40,12))))),((((92,96),(78,(((((90,(84,74)),(83,88)),(85,98)),(82,(93,((97,(95,91)),(87,79))))),(99,(80,(94,89)))))),100),((44,(54,(29,26))),(58,((73,75),77))))),((24,((81,(64,19)),49)),(((86,14),(((17,25),(41,31)),(68,(20,(55,46))))),30)))))));
(67,((19,41),(42,((24,57),(64,(((48,45),((26,((28,(4,13)),35)),(58,20))),(((96,(65,18)),(((79,92),(78,(94,5))),(((91,(74,90)),(84,((97,(80,100)),(50,(82,93))))),89))),(((((61,14),(7,34)),(((10,(((63,(85,98)),(87,(9,99))),(((((22,25),((32,49),31)),17),((72,(59,0)),(51,(21,43)))),8))),((68,(29,(86,95))),((76,(56,33)),70))),((1,16),((60,(38,54)),((((((52,53),47),(11,(62,37))),(75,(73,(81,77)))),(12,40)),(30,(36,(23,(88,83))))))))),(66,2,15)),(((27,69),(3,(44,71))),((46,39),(6,55)))))))))));
(0,((37,(33,(11,52))),(((86,32),((96,92),(78,99))),((((34,27),(76,49)),((13,(28,4)),68)),(((24,(64,(57,19))),(((((12,40),(29,26)),(16,((75,(73,77)),81))),(5,59)),(6,((39,69),(70,20))))),((((63,(51,66)),(58,((48,(14,(31,25))),(35,10)))),((((1,(65,(18,(72,42)))),((17,41),(46,55))),(15,54)),(((62,(47,53)),22),(7,(30,(23,36)))))),((((50,(87,((85,98),(83,88)))),2),45),(((94,((((95,(97,((91,79),(93,82)))),(89,(80,(90,74)))),100),84)),(43,21)),(((56,(3,(8,67))),((38,60),(44,(9,71)))),61)))))))));
(10,((((34,(84,(28,(13,4)))),(((63,19),68),(57,(64,(40,12))))),(8,3)),((56,(1,16)),((((50,45),(((2,(54,(29,26))),((94,89),((100,80),(((90,(88,83)),(95,(((79,87),98),85))),74)))),(33,((62,37),(52,(53,47)))))),(67,7)),(((((36,(30,23)),((((41,49),25),31),(48,(17,58)))),27),(((35,14),(20,((55,(32,(70,46))),(6,69,39)))),((82,93),((92,78),((91,97),(96,((81,76),(73,(75,77))))))))),(((22,(60,(9,(71,44)))),(((86,(59,5)),(((21,43),(66,51)),(99,((42,(18,65)),72)))),61)),((38,15,11,24),0)))))));
(57,(23,((19,(64,63)),(45,(((((48,58),((100,10),(7,(15,((92,78),(96,(65,(42,72)))))))),(73,(77,75))),(18,(99,12))),((((40,50),(44,((9,71),(38,60)))),((14,35),(2,54))),((89,(30,(90,84))),((24,(((((33,(47,53)),(66,(43,21))),((94,86),((79,87),((98,85),(97,(91,(82,93))))))),((59,51),(5,68))),((((((29,26),74),(((34,((61,(22,27)),(32,20))),((88,83),(39,(69,((6,70),(46,55)))))),(49,((25,31),(17,41))))),(95,(36,(3,(8,67))))),80),(((0,(11,(62,(52,37)))),(56,(1,16))),(76,81))))),(28,(13,4))))))))));
(80,(100,((((79,87),((74,(90,84)),(91,(((85,98),(83,88)),((93,82),(95,97)))))),(94,89)),((96,(92,78)),((5,59),(((16,((52,(11,((62,37),(47,53)))),1)),(86,(58,48))),(((((33,36),(((30,(15,(26,(29,54)))),7),(((38,(60,(((61,27),((9,(64,(57,19))),22)),(44,71)))),2),(70,68)))),45),((((40,12),(50,10)),(99,((73,77),75))),(14,35))),(((56,24),((17,(49,(25,31))),(((32,(69,39)),(20,6)),(46,55)))),(((66,(51,(43,21))),23),((81,76),((((3,(8,67)),(28,(4,13))),34),(0,((41,63),((72,42),(65,18)))))))))))))));
(60,(38,((((58,((44,(71,9)),(17,(25,31)))),(20,(22,(66,63)))),((15,((29,26),54)),((61,7),((3,(67,8)),(((53,(33,(62,(47,52)))),(11,37)),(40,(86,95))))))),(((21,43),(39,(6,69))),(((64,57),(10,(35,14))),((45,(2,24)),(((((((23,56),27),(81,48)),(((41,49),((70,(0,76)),((32,98),19))),((13,(28,4)),(65,(18,(72,42)))))),(((74,90),99),36)),((1,16),((51,(73,77,75)),((79,(93,(82,(91,97)))),((85,(83,88)),(84,87)))))),((94,((89,(100,80)),(96,(92,78)))),(((5,50),(59,34)),(((68,(12,55)),46),30))))))))));
(58,((17,(25,31)),((35,14),((45,16),((((((1,56),(34,27)),(23,(((52,(53,47)),(33,(11,(62,37)))),(28,(13,4))))),((24,(54,(26,29))),((75,(73,77)),((61,22),(44,(71,9)))))),(86,(38,60))),(((2,15),(57,(64,19))),(((20,((((78,((96,((74,(90,84)),((95,91),(97,((82,93),(79,87)))))),92)),(88,(83,(85,98)))),(81,76)),(7,(99,(100,(89,(94,80))))))),(46,((69,(39,6)),55))),(((30,36),(10,(50,(40,12)))),((((68,(5,59)),(63,(3,(67,8)))),(70,((72,42),(18,65)))),(((32,(48,0)),(49,41)),((66,51),(43,21))))))))))));
(30,((20,(14,45)),((58,7),(24,(((((((70,0),(32,(4,13))),(23,48)),(33,((47,53),(52,(37,(11,62)))))),(66,(((94,89),((((79,87),((76,81),((95,(97,91)),((88,(83,(98,85))),(93,82))))),(90,(74,84))),(100,80))),(34,(68,(59,5)))))),(36,(((2,(15,54)),((((78,(92,(99,96))),(((((64,(57,(19,63))),44),((3,(67,8)),(9,(61,27)))),(71,86)),(22,28))),(38,60)),(75,(77,73)))),(((46,55),69),(39,6))))),((10,(26,29)),(((65,(42,72)),(18,(35,56))),(((((51,(21,43)),(16,1)),(12,40)),50),((25,(49,41)),(17,31))))))))));
(57,((67,(33,(37,(11,(62,52))))),((((((64,22),(63,19)),(38,(60,(44,(9,71))))),3),61),((((((((78,((99,92),96)),(93,(82,97))),66),(((80,(89,(86,(73,(75,77))))),(100,(51,(21,43)))),(((29,26),94),(7,(30,(23,36)))))),((27,(95,91)),54)),(13,4)),(((((((20,(0,((72,42),(18,65)))),(70,(17,48))),(((28,49),32),(81,76))),((14,((46,55),(6,(69,39)))),((35,(31,25)),(41,(59,5))))),((((45,34,2),((1,(16,56)),15)),(53,47)),(((83,((88,87),(98,85))),79),(90,(84,74))))),((((50,(12,40)),10),58),68)),24)),8))));
(86,(((89,80),(((92,78),(100,94)),96)),(((45,(35,58)),14),((((25,31),(((57,64),((8,67),(19,3))),(48,(63,(66,(21,(51,43))))))),((61,27),((71,(26,29)),(((84,(75,(77,73))),(((((83,79),((87,(95,(93,(85,(98,88))))),(82,97))),91),81),(74,90))),9)))),((((60,38),(7,(15,2))),(24,(36,30))),(((54,(44,22)),((68,10),(40,((50,5),12)))),((20,(((72,42),(18,65)),(41,(49,17)))),(((((1,(16,32)),(((53,47),(52,(11,(62,37)))),0)),34),((((23,99),(70,76)),59),(((13,4),(33,28)),56))),(69,(6,((46,55),39)))))))))));
(37,(62,(((33,(53,47)),52),((11,76),(((75,77),((100,73),(89,(94,80)))),(81,(((30,(27,34)),(36,(60,38))),((((((22,7),((61,(44,(9,71))),(28,(4,13)))),(0,56)),(((((55,35),((69,39),(46,6))),(45,(48,(58,((41,49),(17,(31,25))))))),((20,14),((10,50),((40,12),(5,59))))),((70,(23,32)),((72,42),(18,65))))),(2,15)),(((54,((95,(97,((82,93),91))),((85,98),((83,88),(79,87))))),(((68,(99,96)),((24,(16,1)),((21,(51,43)),(26,29)))),(92,((84,(90,74)),78)))),((64,((63,19),(57,(3,(67,8))))),(86,66)))))))))));
(54,(((26,29),15),(2,((35,(((((59,68),((33,(((52,11),(62,37)),(53,47))),(28,(13,4)))),(((56,(3,34)),23),(70,(5,0)))),22),(30,(7,61)))),((((45,(10,14)),(((50,(12,40)),(((71,(44,9)),(60,38)),27)),(51,(21,43)))),((24,1),(92,((96,78),99)))),((((39,(69,(6,32))),(46,55)),(((80,(((94,(84,(74,90))),100),((87,(((85,98),(95,(79,(97,((93,82),91))))),(88,83))),89))),((76,81),(75,(73,77)))),((58,(49,(31,41))),(17,25)))),((((((19,(63,(20,66))),57),64),(36,((42,72),(18,65)))),48),((67,8),(86,16)))))))));
(24,(((40,12),(26,30)),((((33,(23,36)),15),((2,19),(20,(((6,69),(55,39)),46)))),(((64,((66,(47,((56,48),(54,29)))),(63,92))),(((((21,49),(27,(70,((37,62),(11,52))))),(((74,(90,84)),((((91,(97,(93,82))),(83,98)),(95,(87,(79,(88,85))))),99)),((96,(45,(58,((25,31),(17,41))))),((53,(18,((72,42),65))),(94,(0,(81,32))))))),((((59,(68,5)),22),(10,50)),((43,51),((67,8),3)))),(((((1,16),(35,14)),((61,((60,38),(9,71))),44)),((78,((((73,77),75),(28,(4,13))),(80,(100,89)))),(76,(34,86)))),57))),7))));
(55,(24,((46,(((48,(56,86)),((((72,((18,65),42)),((26,29),(54,(9,71)))),(68,(59,5))),45)),(((16,1),(34,(28,8))),(((53,47),((37,(62,52)),(33,11))),(70,87))))),(((((57,((38,60),(61,22))),((19,64),(66,(51,(43,21))))),(((27,(67,3)),(0,63)),(32,(76,(4,13))))),(17,((41,49),(31,25)))),((((36,30),(58,(10,(50,(12,40))))),(((14,(6,(44,(15,2)))),(35,69)),39)),(((23,20),7),((((81,(99,(75,(73,77)))),(84,(90,74))),(94,(78,(96,92)))),(((95,(79,((91,(93,82)),97))),((85,98),(83,88))),(80,(100,89))))))))));
(15,(2,64,57,((29,(63,(34,3))),(((((((18,65),(72,42)),((61,27),((30,23),(((55,((46,39),6)),70),69)))),((((52,(62,37)),((53,47),(33,11))),36),(32,0))),(5,(((80,(((74,90),((84,(88,83)),(((97,79,82),((91,((85,98),95)),87)),93))),(100,(94,89)))),(48,58)),((54,(13,(28,4))),26)))),((38,60),(((67,8),9),(((16,1),(56,(21,43))),((86,19),71))))),(((35,(45,(17,(41,49)))),(22,44)),(((((75,(76,(81,(73,77)))),(20,(25,31))),(68,(59,(10,(50,(12,40)))))),(((51,92),66),14)),(24,96,78,99,7)))))));
(71,(44,(((20,9),((29,26),15)),((14,2),((((97,(84,(90,74))),(16,1)),(((91,(79,(95,(85,98)))),(((93,82),(83,88)),(89,94))),(99,((78,(80,100)),(96,(75,(73,77))))))),(((70,(((55,((46,(69,39)),6)),(76,(10,(12,40)))),((50,54),(49,81)))),((((86,0),(32,(18,65))),34),((7,((((27,(28,(4,13))),35),((87,56),((5,68),59))),(((37,62),((52,11),53)),(33,47)))),(((31,25),(41,17)),(48,58))))),(24,((22,(((66,(51,(43,21))),61),((((42,72),36),((((64,(19,57)),(3,(67,8))),(60,38)),63)),(30,23)))),(92,45)))))))));
(3,((((19,22),64),57),((((65,18),(42,72)),(((61,((9,63),(71,44))),(66,(51,(43,21)))),(((81,(76,(28,(13,4)))),(8,67)),(((32,(34,0)),((56,27),23)),20)))),((60,38),(((1,16),((35,14),(45,58))),((((78,92),(((87,((91,(95,(74,(90,84)))),97)),((98,(85,(88,83))),(82,93))),(96,99))),(68,(59,5))),((((((94,(80,(73,(77,75)))),((100,79),89)),((2,(15,(29,26))),54)),(48,50)),((24,((33,(62,(37,53))),(52,(47,11)))),(((41,(17,(25,31))),(6,(((69,70),(55,46)),39))),(((12,40),86),(49,10))))),(7,(36,30)))))))));
(99,(((96,(81,(77,(73,75)))),(78,92)),((54,(((36,(87,(85,(88,83)))),(59,5)),48)),(((((84,(((90,74),((93,82),(97,(91,95)))),((100,80),(94,89)))),(79,98)),((((29,((28,(4,13)),(76,(32,0)))),((62,(11,37)),(63,19))),((23,(34,26)),((72,42),(18,65)))),((61,(22,27)),(30,56)))),(((((12,50),(20,(86,(58,((25,31),(17,(41,49))))))),(((((44,3),((9,71),(60,38))),70),((64,57),((10,40),(66,68)))),(7,(51,(21,43))))),((39,69),((55,6),(46,((35,45),14))))),(((2,15),(24,(1,16))),(8,67)))),(33,(52,(47,53)))))));
(72,(42,((65,18),((51,66),((68,((27,(3,(8,67))),((30,(36,23)),7))),((43,21),((22,(16,1)),(((((45,((58,48),41)),(63,49)),((5,59),((96,(((91,(97,(93,82))),((95,(79,87)),(((88,83),(98,85)),((90,74),84)))),(94,89))),((92,100),((78,80),99))))),((26,(40,(50,12))),15)),(((6,(20,(39,(55,(46,69))))),(10,(2,(75,(73,77))))),((((38,60),(44,(71,(9,76)))),(((((28,34),(29,(57,(((4,13),(53,(11,(((47,(62,37)),52),33)))),((56,0),(64,(19,61))))))),((70,81),(17,(25,31)))),((32,86),54)),(35,14))),24))))))))));
(3,((67,8),((7,63),((((97,(95,(84,(74,90)))),((93,82),((((85,98),(83,88)),79),(87,91)))),((30,36),((65,(42,72)),(23,(28,(4,13)))))),(((((19,57),64),(2,((29,26),15))),(((45,(49,41)),(((20,(55,46)),((58,(6,(39,69))),(14,35))),((5,59),68))),54)),(((((56,(34,70)),86),((48,32),((((53,47),((33,52),(11,(62,37)))),(0,81)),(27,76)))),((50,(12,40)),10)),(((((22,(71,(44,9))),(61,(38,60))),(18,(80,(94,100)))),((92,99),(96,78))),(24,((51,(89,(16,1))),((66,(21,43)),((75,(73,77)),(25,(31,17)))))))))))));
(44,(((40,50),(60,38)),((100,71),((10,81),(((8,(80,22)),((((((46,55),((20,(6,(39,69))),((86,(5,59)),(92,(96,(78,99)))))),(16,1)),24),((((((((72,42),(70,(48,17))),((65,18),0)),27),(((90,74),75),64)),(77,73)),((94,76),(61,((66,51),(21,43))))),(68,(30,(36,23))))),(((7,12),((89,56),45)),(87,((88,(83,(85,98))),((((95,91),(82,93)),97),79)))))),((((((15,(26,29)),84),((2,9),(67,3))),(((58,(25,34)),(31,(41,49))),(32,(28,(13,4))))),((19,57),(63,(54,((62,(11,(52,37))),(33,(53,47))))))),(35,14)))))));
(86,((2,(54,((66,(51,(21,43))),(29,26)))),((((57,((19,64),61)),((((((((88,(36,23)),(((33,((53,47),(52,(11,(37,62))))),(((0,63),56),(27,(8,(3,67))))),((32,(69,70)),((59,(34,(76,(28,(13,4))))),(68,5))))),((12,(50,40)),10)),((71,(44,9)),((60,38),22))),((35,45),14)),((((1,16),24),((74,90),(((97,(93,82)),((95,(83,(98,85))),91)),(79,(87,84))))),((30,(20,7)),((48,((31,25),(65,(18,(72,42))))),(58,(17,(49,41))))))),((99,81),((80,(100,94)),89))),15)),(((55,46),(6,39)),(78,(92,96)))),(77,(73,75)))));
(77,(73,75,(((59,68),(9,(5,71))),((((95,(87,79)),(97,(82,93))),(((11,37),(33,(52,(53,(62,47))))),(56,(1,16)))),(((74,((((54,(19,24)),((((((65,(18,(72,42))),(3,(67,8))),((63,(27,(98,(83,(85,88))))),(61,44))),((28,(13,4)),23)),(81,90)),((91,(35,30)),86))),(((((25,31),(0,34)),((50,58),((((((55,(32,(45,49))),(70,46)),(6,(69,39))),41),(17,22)),((14,10),(40,12))))),15),((26,29),2))),(76,7))),((20,(89,(94,(21,(51,(43,66)))))),(38,60))),((100,(80,(64,57))),(((96,(99,(36,(48,84)))),92),78)))))));
(80,(((90,(45,58)),92),((99,(((14,69,39,55),(((((3,63),(18,(65,(42,72)))),(((47,53),(28,((11,(62,37)),(33,52)))),(5,59))),((13,4),(25,31))),(35,((41,17),40)))),(((16,49),(68,10)),(32,34)))),((20,54),((((1,((84,(46,26)),(87,79))),((74,77,73,100,24,78,6,29,2,15),((71,64),(((75,44),(9,(12,50))),((60,38),(61,67)))))),((95,((19,(91,(82,93))),97)),(57,(89,(66,(21,(43,51))))))),((86,56),(((94,27),((0,76),(81,(8,7)))),(((23,(36,30)),96),(((22,70),48),(83,(88,(98,85))))))))))));
(46,((((16,58),44),2),((55,(69,39)),(((((4,13),(((30,7),(41,((((((28,(((100,80),(89,94)),(((84,(74,90)),((((97,88),((95,91),79)),((98,85),(82,93))),83)),(87,96)))),(35,(27,(18,(65,(72,42)))))),(64,(19,63))),(38,60)),((56,1),48)),70))),10)),((((86,(92,78)),(40,(50,12))),(((23,(99,76)),(32,0)),(34,68))),((77,(73,75)),(6,(59,5))))),(20,((81,(8,67)),((((11,(53,47)),(33,((62,52),37))),(71,9)),(49,(17,(25,31))))))),(((45,36),(((3,(22,61)),57),(54,(15,(29,26))))),((14,(66,((51,43),21))),24))))));
(6,(((((34,(68,(59,5))),(10,((((((41,(14,(35,58))),((80,(100,(89,94))),(33,((47,53),(37,(52,(62,11))))))),(48,(78,(96,(92,99))))),(2,(56,(16,1)))),((0,((((30,7),((49,(31,(17,25))),(72,((42,18),65)))),(36,(23,((70,(((8,67),((64,(19,63)),((60,38),(71,(9,44))))),(((22,(61,27)),3),57))),(43,(21,(51,66))))))),((97,(87,(((93,82),(91,95)),84))),((98,85),((74,90),(79,(88,83))))))),((15,(((81,76),(73,(77,75))),(((26,29),54),86))),(13,(4,28))))),(45,24)))),((12,50),40)),55),(((20,32),39),(46,69))));
(68,((64,(57,63)),(((((87,(0,(28,(13,4)))),(5,59)),(3,(67,8))),((19,(56,(33,(37,(62,(11,52)))))),((23,70),(80,(((94,89),81),((((84,(90,74)),76),(97,(((91,(93,82)),(79,95)),((83,88),(85,98))))),100)))))),(((((45,58),35),14),34),((1,(31,(25,17))),(((65,66),(51,(43,21))),((((10,7),(((60,((61,27),(44,71))),30),(16,38))),((48,(9,((((36,(53,47)),22),32),(41,49)))),(18,(72,42)))),(((((12,(50,40)),(2,54)),24),(((69,39),(6,46)),(55,20))),((86,((99,(78,(92,96))),((73,77),75))),((26,29),15))))))))));
(51,((21,43),((23,3),(27,((0,70),((68,(59,5)),((((36,(99,7)),(10,(86,((73,77),((100,80),(((89,94),(75,93)),(((82,(83,(88,(98,85)))),(79,((91,97),95))),(84,(74,90))))))))),(((30,13),(76,81)),(((56,(58,(17,(((31,25),41),49)))),(16,1)),((15,2),(54,(29,26)))))),(((((((63,(67,8)),((53,11),(33,(47,(52,(62,37)))))),((65,18),(42,72))),(((45,(24,(78,(96,92)))),(87,(4,28))),(34,66))),20),((22,61),((57,(19,64)),((38,60),(44,(71,9)))))),(((55,46),((6,(((69,39),32),(12,(40,50)))),(48,35))),14)))))))));
(16,(1,((((99,(5,59)),(((62,37),(11,(52,(47,53)))),(31,32))),(78,(92,96))),((57,64),(((((((((6,((39,20),69)),(70,22)),(46,55)),10),((((66,(51,(21,43))),(23,(33,87))),(86,(76,((28,(13,4)),56)))),(61,((81,(75,(77,73))),(((94,79),(100,(((((((85,98),(83,88)),(95,74)),((82,93),97)),91),(84,90)),80))),89))))),(44,(9,71))),(((((72,42),(65,18)),((50,(40,12)),68)),49),((19,((3,(67,8)),63)),(34,(27,0))))),((((((54,(26,29)),2),15),(36,30)),(38,60)),(7,24))),(((35,(58,14)),(45,(41,(17,25)))),48))))));
(47,(51,((39,(29,23)),((((4,(28,13)),(((93,82,97,95),(58,(91,78))),((19,15),59))),(((86,26),(8,(56,3))),(31,(25,17)))),((((((14,35),((0,(65,(72,42,18))),((40,(33,81)),67))),92),((70,(36,2)),(20,48))),(99,((53,(11,62,37,52)),((94,(83,((98,85),88))),(84,(87,79)))))),((96,90,74,89,100,80,1,16,68,57,63,64,7,46,55,69,32,6,30,54,10,45),((((24,(75,73,77)),(5,50)),((21,43),12)),((((9,(44,71)),((22,(27,61)),(38,60))),49),(34,(66,(76,41)))))))))));
(94,((80,100),(((78,92),(96,99)),(81,(((((20,36),((22,19),((75,(77,73)),(63,(3,23))))),((38,60),(44,(71,9)))),(66,(51,21))),(((((54,59),(58,(((50,(40,10)),(46,((6,(69,39)),(70,55)))),((2,(29,26)),15)))),((8,67),(30,48))),((24,(64,57)),(61,(14,45)))),((((((93,82),(97,91)),((83,((98,85),88)),(79,87))),((95,(84,(90,74))),89)),((72,42),(65,18))),((35,(7,12)),(((((37,(33,(53,47))),62),11),((68,5),86)),((((4,13),(28,43)),(76,34)),((27,(1,16)),(((17,31),(25,(49,41))),((56,0),(52,32))))))))))))));
(24,(((15,2),(1,16)),(((((99,(78,(96,92))),(71,(100,((75,(73,77)),(94,89))))),((31,(25,17)),(41,58))),(54,(29,26))),((((3,(((((38,60),((45,14),(20,(((69,39),6),(46,55))))),(80,(63,(40,12)))),(68,(34,(5,59)))),50)),(57,((82,93),(91,(97,(((83,88),95),(79,(84,(90,74))))))))),(((66,(70,(49,51))),35),((8,67),(((44,(22,(27,61))),64),(81,(((28,(4,13)),(87,((43,21),32))),((48,76),((36,(30,23)),7)))))))),((19,(85,98)),((((53,33),(52,11)),(37,(62,47))),((56,(10,(65,(18,(72,42))))),(0,(86,9)))))))));
(22,((38,60),((64,(68,(59,5))),((51,(21,43)),((((6,(69,39)),(20,(46,55))),(((((67,8),24),15),2),(((36,56),((41,48),(((99,(78,92)),(86,96)),((54,(26,29)),(1,16))))),((((58,(17,(31,25))),((((((28,(4,13)),(32,70)),((18,65),(42,72))),(27,(84,76))),(34,(49,(0,(33,((11,(62,37)),(52,(53,47)))))))),(19,63))),((((((((87,((85,98),95)),(((93,82),(91,97)),(90,74))),100),(81,80)),(((77,73),75),(94,89))),((88,83),79)),(7,(30,23))),(10,((40,50),12)))),(14,(35,45)))))),((61,(44,(71,9))),(57,(3,66))))))));
(2,(((66,(51,(21,43))),15),(((60,38),(44,(71,9))),((((45,((22,(27,61)),(14,35))),(48,58)),(33,56)),(24,((16,((86,(23,(0,70))),(((1,(11,62)),(((((100,80),((93,82),(((97,(87,95)),((85,98),(83,88))),(79,91)))),94),(54,(26,29))),((((18,65),42),72),(36,34)))),((32,(53,((37,52),47))),(68,(5,59)))))),(7,(((69,(39,89)),((76,((75,(77,73)),81)),((55,(((20,78),((92,(96,(84,(90,74)))),6)),99)),46))),(((64,((57,(19,63)),(3,(67,8)))),((28,(4,13)),30)),((50,(40,12)),(10,((49,41),(17,(31,25))))))))))))));
(39,(69,((((31,25),41),17),((45,14),((40,10),(((58,(((68,20),((5,59),(35,49))),6)),((((((((((71,9),(44,(60,38))),22),((28,12),(27,61))),(7,30)),(19,(23,36))),(48,((((98,85),(88,83)),(81,((73,77),75))),24))),(((92,96),(78,99)),(100,86))),(50,(57,64))),((((56,(63,((37,(62,(11,52))),(53,47)))),(33,(3,(67,8)))),((((18,65),(72,42)),((76,(4,13)),(32,34))),((80,(89,94)),((((79,(82,91)),90),((95,97),(74,(84,93)))),(87,(0,70)))))),(2,(15,(54,(29,26))))))),((46,(55,(66,(51,(21,43))))),(16,1))))))));
(48,(58,(((25,31),(49,(41,17))),((86,15),(((8,(27,61)),(30,(76,81))),(((((0,33),37),((2,(66,((24,(16,1)),54))),((((47,53),((52,11),62)),((56,(4,(13,28))),(70,((72,(42,(18,65))),(34,(67,3)))))),(22,(71,(44,9)))))),((80,(94,89)),100)),(((((((84,(74,90)),(85,(98,(88,83)))),(95,(((82,93),(91,(79,87))),97))),(10,(29,26))),7),(((78,(96,(92,99))),(75,(73,77))),(51,(21,43)))),(((((68,(5,59)),(55,20)),(((14,35),45),((6,((69,46),(39,32))),(12,(40,50))))),(64,((19,63),57))),(38,(60,(36,23)))))))))));
(28,((13,4),(((61,27),(60,(38,(22,10)))),(((49,(31,(25,(17,41)))),((14,(35,45)),(58,48))),(((3,(8,67)),(((((89,94),((84,((85,98),(83,88))),(79,((90,74),((91,97),(95,(82,93))))))),87),70),24)),((96,99,92,78,80,100),(((((55,(((33,((11,(53,47)),(52,(62,37)))),((18,65),34)),63)),((30,(7,(23,36))),((((44,9),71),((76,5),(((72,42),0),59))),((69,39),((50,(12,40)),66))))),((54,6),(64,(19,((15,2),(29,26)))))),57),(((32,(43,(21,51))),46),((86,((56,(16,1)),(20,68))),((77,73,75),81))))))))));