(45,(14,((((12,40),(22,7)),((73,(75,77)),((57,(38,60)),30))),((((39,(69,6)),((68,(54,(26,29))),(55,46))),((((84,(90,74)),((((91,97),((82,93),(87,(83,(88,(85,98)))))),(95,79)),89)),((100,(94,80)),(76,81))),(86,50))),(((((20,23),((2,15),((17,(31,25)),(78,92)))),(((36,19),(41,(49,99))),(((28,(13,4)),(33,(70,34))),((3,67),((1,(63,16)),(56,((47,(11,53)),(52,(37,62))))))))),((((((27,58),((35,(72,((18,65),42))),61)),(44,(71,9))),((59,5),24)),(96,10)),48)),((66,(21,(43,51))),((32,0),(64,8))))))));
(23,(((68,(60,38)),(63,57)),((9,44),((((5,59),(10,(61,(22,27)))),((((55,(2,24)),((49,(48,34)),(58,46))),((7,15),((((((90,74),(84,95)),((87,79),(91,(97,(82,93))))),((80,(83,(88,(98,85)))),(89,(94,100)))),(56,(1,16))),20))),(((((45,40),14),((70,(39,(6,69))),35)),((((64,((32,30),((42,72),(65,18)))),(13,(28,4))),((((75,(73,77)),(96,(92,(99,78)))),(76,81)),(66,(51,(21,43))))),(86,((33,((0,(19,71)),((67,8),(3,((52,(37,(11,62))),(53,47)))))),36)))),(41,((17,25),31))))),((54,(26,29)),(50,12))))));
(96,((92,78),(((73,(75,77)),99),(((7,30),((94,(89,(80,100))),((26,29),(15,2)))),((45,(14,35)),((((38,60),((10,((59,5),68)),(12,(50,40)))),(48,24)),((((((58,(25,31)),(17,(49,41))),((51,(28,(4,13))),(33,(53,(47,(52,(11,(62,37)))))))),((23,0),((83,85),((98,88),(((91,(97,(93,82))),((95,84),(74,90))),(87,79)))))),(((57,(64,((44,19),9))),((((34,70),63),((((72,42),(18,65)),86),(27,56))),(((54,(71,81)),((76,32),(67,8))),(16,1)))),(((69,39),((55,46),(6,20))),3))),((36,61),(22,(66,(21,43)))))))))));
(37,(11,((33,(53,(47,(62,52)))),(36,(((88,87),(((1,16),29),((18,(65,(42,72))),(((76,22),(9,71)),(((56,((28,(13,4)),27)),(51,48)),(0,3)))))),((((63,30),((60,38),(2,(((94,89),((54,26),(100,80))),15)))),((((((46,(55,(6,70))),(10,(39,32))),(69,23)),(66,(21,43))),(64,(24,(45,(14,35))))),(((75,(77,73)),(((84,(90,74)),81),((83,(82,((79,(91,93)),(98,85)))),(97,95)))),((25,31),58)))),((86,(19,20)),((8,67),((((7,((34,((40,12),(68,(59,5)))),((44,57),(49,(17,41))))),50),61),((78,92),(96,99)))))))))));
(24,((((11,(53,47)),(51,(66,(21,43)))),((85,98),(36,33))),((((7,30),((((69,((55,6),(46,39))),((8,(3,67)),(((80,100),50),(78,(92,96))))),((((15,54),2),((20,((61,(52,(37,62))),((19,57),27))),(64,((9,71),(44,(38,60)))))),(((28,(4,13)),(76,70)),((((32,(65,(18,(72,42)))),(56,23)),(49,99)),(((75,(77,73)),(0,81)),(22,86)))))),((1,16),((((95,93),82),((97,91),79)),(58,((17,41),(29,87))))))),((94,89),((88,83),(84,(74,90))))),((((68,(5,59)),((63,26),(48,(31,25)))),((14,35),(45,34))),(10,(12,40))))));
(57,(64,((((27,61),(69,(6,39))),20),(((44,(36,(30,(16,1)))),(24,(99,((13,4),(28,(76,0)))))),(((((51,(43,21)),(66,19)),(45,14)),((60,(((((48,((37,((62,11),52)),((47,53),33))),(3,(8,67))),10),(((((((95,(80,97)),(79,((85,98),(88,83)))),87),(((90,(82,93)),(74,((((94,73),75),89),77))),(84,23))),91),((65,18),70)),71)),((86,(68,(5,59))),(((81,(92,(96,(78,100)))),(((40,12),(((34,(56,(72,42))),32),63)),35)),((17,(58,22)),(41,(49,(25,31)))))))),(9,(55,46)))),(((26,(2,29)),(15,54)),((7,38),50)))))));
(10,((75,(77,73)),(((50,(12,40)),((88,98),(87,32))),(((((70,((39,69),(6,(20,(55,46))))),(2,(15,(54,(26,29))))),(24,(((38,((60,22),61)),(44,(71,9))),(45,(56,(16,1)))))),(86,((99,(96,(92,78))),0))),((13,4),(((((7,((36,23),14)),(30,((79,(((85,83),91),((95,(93,82)),97))),(76,(84,(90,74)))))),((((((18,65),(42,72)),(34,(51,(66,(21,43))))),(68,(59,5))),(48,(33,(52,(((53,(62,37)),11),47))))),(94,((3,(8,67)),81)))),((41,(31,25)),(80,100))),(((49,(58,17)),((63,19),(64,57))),(((35,89),27),28))))))));
(76,(27,(81,((65,18),(((86,(33,70)),(94,32)),((22,(68,(5,59))),((58,(((38,60),(29,26)),(54,((19,99),(12,40))))),((14,(35,45)),(((61,(64,57)),(((((56,(63,34)),50),(71,(9,44))),(41,(49,(17,(25,31))))),(((((10,(15,2)),(100,80)),(((51,((21,43),66)),(20,(69,(55,(6,(39,46)))))),(96,(92,78)))),24),(48,((97,(88,83)),(89,(((90,74),((95,84),((79,91),((85,98),((82,93),87))))),(73,(75,77))))))))),((((47,(52,(53,((37,62),11)))),(16,1)),((0,(28,(4,13))),((72,42),(23,36)))),((7,30),(3,(67,8)))))))))))));
(77,(73,(75,(15,((2,68),(((((30,((0,34),(45,(3,23)))),((((48,(((17,(49,41)),(25,31)),58)),(35,14)),(40,(70,((96,((78,92),99)),(((((100,(85,98)),87),((84,(90,74)),94)),(((95,(80,(89,93))),(97,91)),79)),(82,(88,83))))))),(((60,38),(8,67)),(22,(57,(64,(19,63))))))),((43,(51,21)),(36,66))),(((50,((76,81),(28,(13,4)))),((61,27),(71,(9,44)))),((62,((52,(37,11)),(33,(47,53)))),((((55,6),(46,7)),((20,((72,42),(18,65))),86)),((69,39),(32,(5,59))))))),((10,12),(((16,1),(26,(29,54))),(56,24)))))))));
(44,(86,(((((((6,(39,((32,69),70))),80),(((89,30),7),(((3,(91,((((((95,((82,79),(98,85))),83),(90,74)),93),97),(73,77,75)))),84),100))),(60,38,61,45,35,46,20,10)),(67,(8,58))),(((((81,(12,40)),((23,49),(18,65))),((72,42),(33,87))),((94,(59,5)),(68,9))),((34,(76,(22,48))),(((53,((52,62,11),(47,37))),50),(((88,((92,78),(96,99))),28),(27,0)))))),((((((((14,54),(2,15)),((29,26),(36,(13,4)))),55),((17,31),(41,25))),(24,((16,1),56))),(71,57)),((66,(51,(21,43))),(64,(63,19)))))));
(83,(88,((66,(51,(43,21))),((((94,(((87,92),((99,((77,73),75)),96)),78)),((91,95),(((100,80),((93,82),89)),((74,97),(79,(98,85)))))),(56,(16,1))),((((17,(25,31)),(49,41)),(76,81)),(((((54,((63,15),0)),(((29,26),(34,24)),((18,(65,(42,72))),(28,(13,4))))),(5,59)),(((((((23,(36,32)),((69,39),(((20,(55,(48,(9,3)))),((70,27),6)),46))),(22,((((19,57),64),((71,(67,8)),61)),(44,(60,38))))),45),14),(2,(7,30))),((33,((47,53),((37,62),(52,11)))),(10,((12,40),50))))),((68,((58,(90,84)),86)),35)))))));
(100,(50,((12,40),(((24,7,14,10),(((48,(55,((69,39),(6,((32,46),(70,20)))))),(((51,(86,23)),(15,2)),(43,21))),(64,57))),(((((((54,(52,((11,(62,37)),((53,47),33)))),(((19,(49,(81,(73,(77,75))))),(29,(13,4))),26)),(((25,31),(58,(17,41))),(((96,(99,(78,92))),(56,(1,16))),(30,0)))),((66,45),(44,((60,38),((71,9),(61,27)))))),((80,(94,89)),(22,(35,(74,(90,84)))))),((((63,(36,28)),(68,((5,59),34))),((18,65),(42,72))),(((67,8),3),((95,97),((91,(93,82)),((87,((98,85),(88,83))),79)))))),76)))));
(80,(100,((24,(35,14)),((69,15),((57,6,46),(((((10,(40,12)),50),7),(((1,(26,29)),(86,(25,58))),(2,((((91,((75,77,73),(27,99))),(((78,92),95),(96,((85,(98,83)),(87,79))))),((82,(97,93)),((90,74),84))),(76,((((31,17),(33,(((47,62,11),53),(52,37)))),(43,(21,66))),(81,88))))))),(((38,(16,60)),((44,(20,(51,22))),(((19,71),(((67,8),3),94)),(((((30,(23,36)),(45,(49,41))),(39,48)),(55,61)),(((0,68),(32,59)),(34,5)))))),(((64,54),56),(((70,9),(((18,(65,42)),72),(63,(13,(28,4))))),89)))))))));
(23,((69,39),(46,(((((((((55,31),(((((((92,99),(78,96)),(95,93)),97),((79,(88,(98,85))),((90,74),84))),(91,87)),(83,(29,82)))),7),(86,((14,((50,(35,((((0,32),((4,(13,28)),(56,((51,43),(21,66))))),(5,59)),((72,42),(18,65))))),(10,(40,12)))),(((41,49),(25,58)),(17,((11,(52,(((37,62),(47,33)),53))),(16,1))))))),30),((((((38,60),(63,(57,(9,(44,71))))),19),((((67,8),3),(61,(27,22))),64)),36),((73,(75,77)),((100,80),(94,89))))),(15,((54,(70,(45,(76,81)))),26))),(2,48)),((((20,24),34),68),6)))));
(66,(((79,15),(94,(((33,47),37),((53,(62,11)),52)))),((91,(97,(95,(83,88)))),(((27,61),(74,90)),(((((56,0),((98,85),63)),(84,(76,87))),(80,((82,93),(54,(26,29))))),(100,(((((((35,14),10),24),((((((69,39),(57,((8,67),3))),(((70,(1,16)),(46,(36,(23,(7,30))))),45)),((50,(12,40)),(6,(32,((72,42),(65,18)))))),(20,(2,55))),((38,60),(77,(73,75))))),(((86,(34,81)),(22,(89,(99,(78,(92,96)))))),(((48,((9,((28,(13,4)),(71,44))),(21,(51,43)))),(68,59)),5))),(41,(58,((25,31),(17,49))))),(64,19))))))));
(86,(39,(81,(((((46,(20,24)),((69,36),7)),10),(((55,(28,(13,4))),((56,(16,1)),76)),((50,((8,67),(61,(22,27)))),((45,((23,((3,0),(33,19))),((44,(71,9)),(((60,38),(57,63)),64)))),(((66,(51,(21,43))),((5,(59,34)),(68,(70,49)))),((((35,(2,(31,(41,25)))),(48,6)),14),((15,(54,(26,29))),17))))))),((12,((42,72),(18,65))),(58,(((((99,92),100),((89,32),(87,(((98,85),(88,83)),(((82,93),(97,(95,91))),79))))),(78,((75,(77,73)),(84,(90,74))))),((80,(30,((52,62,37),((11,47),53)))),(94,(40,96))))))))));
(36,((58,(20,26)),(((54,((99,(92,(78,96))),(21,(51,43)))),(68,66)),(((((24,(((9,90),(30,32)),(7,(72,42)))),((45,(14,35)),(12,((2,29),(40,10))))),(15,((46,6),((39,69),55)))),((44,63),((((57,(8,67)),19),64),(3,61)))),(((((59,94),(34,((((31,41),25),(87,70)),(27,(28,(13,4)))))),((48,23),(50,(((0,(65,18)),(56,(1,16))),((77,(75,73)),(81,76)))))),(((17,49),(5,86)),((33,((53,47),(52,(37,(11,62))))),((82,22),((93,((83,88),(85,98))),(95,(79,(97,91)))))))),((71,((74,84),(60,38))),(89,(80,100))))))));
(64,((30,36),(19,(((63,((38,60),(69,((100,(89,(84,(88,(91,(98,85)))))),80)))),(61,(((((34,(32,27)),(3,((21,43),(51,66)))),(6,39)),(((23,7),22),(8,(28,(4,13))))),((((74,90),(12,(40,50))),((81,(76,(9,(71,44)))),2)),((((59,((31,25),(49,41))),(48,(((29,26),(58,17)),(35,(14,45))))),((10,((83,((72,42),(18,65))),(70,(54,0)))),(5,((86,(94,56)),(((78,92),96),((75,(77,73)),(99,((((87,93),82),97),(95,79))))))))),(68,(((24,(1,16)),(33,(11,((47,52),(53,(62,37)))))),((55,46),20)))))))),((57,67),15)))));
(94,((63,((98,85),(88,83))),(((76,56),(92,(19,(27,(28,(4,13)))))),(((41,(17,((31,25),49))),(1,(0,16))),(((((57,22),((((46,(10,(50,40))),(((((70,(20,36)),69),6),39),((12,(65,(18,(42,72)))),((87,81),(((62,(47,((52,37),53))),33),11))))),(54,(68,(3,(8,67))))),((((59,5),86),(((93,30),(((32,21),(23,(66,43))),48)),(7,(58,(26,29))))),((24,99),(80,(100,(78,96))))))),(34,(44,(9,71)))),(((75,(77,73)),((74,(84,90)),(82,(79,91)))),(95,97))),(((51,64),((35,(2,89)),(15,(14,61)))),(55,(45,(38,60)))))))));
(89,((94,(100,80)),((22,(61,(44,(9,71)))),(((54,(29,26)),(2,15)),(((24,(((60,38),(50,(12,40))),10)),(((57,(64,(8,67))),(3,(63,19))),(((1,16),(49,41)),(((7,((51,66),(42,(((52,37),((62,33),(47,53))),11)))),(56,20)),(((59,(5,68)),(((((77,(75,73)),(90,(84,74))),((96,(76,92)),((78,(82,93)),(99,((95,(83,97)),(91,((98,85),79))))))),81),(((43,21),(27,32)),(34,(86,88))))),((30,(23,36)),((58,(18,(65,72))),((70,(28,(4,13))),((31,25),(17,(87,0))))))))))),(((45,48),14),(35,(39,(46,((55,6),69))))))))));
(27,(20,((((((14,(58,45)),((17,(25,31)),(41,49))),(46,((18,((42,72),65)),48))),((10,71),((((63,19),(0,51)),((60,38),(23,(53,((11,33),((62,52),(37,47))))))),24))),((44,39,55),30)),(((((((59,5),(99,(78,(96,92)))),(32,3)),((50,79),69)),(((35,(80,(74,(84,90)))),(((((89,(100,(((77,73),75),(93,((88,(85,98)),(34,(76,81))))))),(97,82)),94),95),91)),((83,56),87))),(((40,12),((64,57),(((8,67),(9,54)),(((15,22),(26,29)),2)))),7)),((6,(86,(68,(36,(16,1))))),((66,(43,21)),(61,(70,(4,(13,28))))))))));
(14,(39,((55,(35,24)),(((86,((51,21),43)),((78,(99,(92,(96,((88,83),(79,((91,97,87),(95,(93,82))))))))),((40,12,10),(50,34)))),(((((64,(61,((57,(3,(67,8))),(63,19)))),(48,(17,(5,59)))),(16,1)),(68,2,6,46)),(((((69,(49,58)),(36,41)),(((70,(23,54)),(((32,(28,(4,13))),(45,(30,(((44,((38,60),((27,9),(20,71)))),(25,31)),7)))),((22,0),(33,(((62,37),(47,53)),(52,11)))))),(76,56))),((84,(80,100)),((89,(15,(81,(98,85)))),(90,(74,((75,77,73),94)))))),((29,26),(66,((42,72),(18,65))))))))));
(64,(5,(((16,1),((70,56),(11,(((53,47),(62,37)),52)))),(((90,(84,74)),(100,80)),(((6,(10,(45,((68,59),(27,34))))),((69,39),((51,(66,(43,21))),(14,58)))),(((((61,((41,(49,(31,25))),((0,33),81))),((72,42),(65,18))),(((44,((36,23),((9,71),(32,63)))),((((3,(67,8)),(28,(4,13))),(19,57)),(35,((50,(40,12)),(20,(46,55)))))),((22,(7,(60,38))),30))),86),((((54,2),(15,(26,29))),(24,(17,48))),(((99,((89,94),((95,((97,(91,(82,93))),(98,(85,(83,88))))),(79,87)))),(92,(96,78))),((75,(73,77)),76)))))))));
(2,(24,((((((19,22),54),((86,(66,(51,(21,43)))),(((33,52),(62,37)),(11,(53,47))))),((57,64),(61,(((60,38),(26,29)),(3,(67,8)))))),(7,(36,30))),(15,((((65,(18,(42,72))),23),((((32,(((79,(((95,(87,(74,90))),84),((91,(82,93)),97))),(78,99)),(((27,((98,85),(88,83))),92),96))),((49,41),(17,(25,31)))),56),(((34,0),(76,(81,(75,(77,73))))),((28,(13,4)),(94,63))))),((46,55),((39,((68,(5,59)),(89,(80,100)))),(((44,71),(9,69)),((((12,(40,50)),(35,(14,(45,48)))),(6,((58,10),(70,(1,16))))),20)))))))));
(91,(((82,93),97),((87,79),(((((49,(33,((53,47),(37,(11,52))))),(56,((74,((88,83),(98,85))),(95,(90,84))))),((99,(25,((42,72),(18,65)))),(0,(28,(13,4))))),81),(((30,86),(7,(36,23))),(((((62,(51,(43,21))),(100,(80,(89,94)))),(((40,12),(10,(96,50))),((14,35),((8,67),(57,(63,19)))))),(24,(20,((55,(69,(39,70))),(6,(32,46)))))),((((2,(54,(15,(29,26)))),((45,58),((31,(17,41)),48))),(((((3,64),(9,(((38,60),71),44))),(22,(61,27))),((66,76),(75,(77,73)))),((1,16),(34,(68,(5,59)))))),(78,92))))))));
(2,(45,(14,(((29,15,40,66,35),24),((((((((36,(61,22)),(9,71)),((43,((5,59),68)),((1,(16,(23,48))),(70,(85,98))))),((((46,69),(6,0)),39),(26,55))),((7,((3,(67,8)),(64,63))),(19,57))),(((50,12),86),((31,25),(54,10)))),(((((((34,(27,20)),(21,51)),(((72,42),(18,65)),(((87,(32,((53,47),(28,(13,4))))),(76,83)),56))),((52,((37,62),11)),33)),88),(58,(17,(49,41)))),(30,(44,(((84,89),(91,(74,90))),((100,((((96,99),(77,(73,75))),78),(81,92))),(80,((((93,82),(95,94)),79),97)))))))),(60,38))))));
(15,((7,26),((((72,42),(65,18)),(((79,((((((2,((83,(98,85)),80)),90),74),(95,(88,(21,43)))),((97,(82,93)),(91,84))),36)),(30,((23,29),(73,(77,75))))),(51,19))),((((((38,60),(44,(9,71))),(61,22)),(87,34)),((49,70),((81,(27,32)),(16,(76,17))))),(((56,(33,(37,(((52,11),(53,47)),62)))),(86,(54,24))),(((((45,(6,(58,(41,(25,31))))),(66,50)),10),(((57,64),(35,14)),((96,78),(99,92)))),(((8,(67,3)),(1,(((0,(28,(13,4))),(5,68)),(100,(94,89))))),(((59,(63,69)),((48,12),40)),(20,(39,(46,55)))))))))));
(6,((69,39),((50,9),(20,(((12,40),(16,1)),((((63,64),((59,5),92)),(46,55)),((((((34,((((71,((17,(25,31)),(49,41))),(14,35)),24),(((81,51),3),((37,((62,(52,((53,47),33))),11)),48)))),(56,((0,42),(83,(85,88))))),((((26,29),(19,70)),(((18,(72,65)),(43,21)),(66,(28,(4,13))))),86)),(2,((10,(45,58)),(((((57,(8,67)),(96,(36,(7,(22,(30,23)))))),(15,61)),((44,54),(38,60))),((78,(99,(73,(75,77)))),68))))),(94,(((79,87),(90,(74,84))),(89,((((97,((93,82),91)),(98,95)),100),80))))),((76,32),27))))))));
(10,((22,((((1,(95,((97,(91,(93,82))),((87,((85,98),(83,88))),79)))),(94,(81,(74,(90,84))))),19),(((51,(43,21)),(66,20)),34))),((16,61),(((((47,(52,11)),((86,7),(30,36))),((73,(75,77)),((92,78),(99,96)))),(((40,50),(24,(15,((57,((3,(8,67)),((9,(38,60)),(71,44)))),(2,(54,64)))))),(89,(80,100)))),(((35,(56,(33,(53,(62,37))))),((76,(23,70)),((27,(32,((72,42),(18,65)))),((48,(0,63)),(28,(4,13)))))),(12,(69,((6,(26,29)),((58,(59,(5,68))),((14,46),((55,39),(45,((41,49),(17,(25,31)))))))))))))));
(6,((((86,(12,40)),56),((26,29),((15,2),(((77,73),75),((81,76),((85,98,88,83),((((95,79),(84,(91,(93,82)))),(90,97)),(74,87)))))))),((((((63,(66,((21,43),51))),(1,(54,(25,31)))),7),(60,(50,22))),((24,35,14,17,41,69,39,46,55,20,10,38),(((16,58),(61,(64,57))),(((9,71),((33,47),((52,53),(11,(62,37))))),(99,((100,78),((96,92),80))))))),((((94,45),((30,(19,59)),((27,0),(23,49)))),(32,(((((48,(5,(68,(36,(28,(4,13)))))),((42,72),(18,65))),34),((3,67),8)),44))),(89,70)))));
(7,(2,((((53,47),(37,(62,11))),(15,(((96,81),(92,78)),99))),(((((75,(77,73)),(((76,(27,86)),54),24)),((70,(5,59)),((33,52),((56,32),(28,(4,13)))))),(10,((((63,57),(19,64)),((67,8),(22,3))),(0,((21,(43,(51,66))),((42,72),(65,18))))))),(((30,(23,36)),((61,(((((95,(91,97)),((84,(90,74)),(82,93))),(((98,85),(88,83)),(79,87))),((94,80),(100,89))),(20,((6,46,55),(69,39))))),((14,((41,49),(17,(58,(31,25))))),((48,45),35)))),((29,26),(((60,38),(44,(9,71))),((1,16),((12,34),(68,(50,40)))))))))));
(57,(((31,25),(70,(49,(17,41)))),(((((100,80),((75,(73,77)),(89,94))),35),((((54,((22,(3,67)),((61,27),(60,38)))),((76,87),(((13,(4,28)),0),56))),((65,(72,42)),((((((15,14),(66,(51,(21,43)))),64),((48,(26,29)),24)),(((16,1),2),((39,69),(10,((((81,((91,(93,82)),((88,((74,(90,84)),(95,97))),(79,(83,(85,98)))))),45),(12,(40,50))),(6,(46,55))))))),((68,(59,5)),(44,(71,9)))))),((86,((23,7),(33,((52,((37,(62,11)),53)),47)))),((63,(36,30)),((34,58),((18,32),8)))))),((96,((92,78),99)),(20,19)))));
(1,((((70,((9,17),41)),(32,((54,(26,29)),94))),(86,(63,19))),((((((45,46),((((52,11),58),(2,(50,80))),(((36,35),((((((51,43),(66,21)),71),(33,49)),(((27,23),(34,(0,(28,(13,4))))),(5,(65,(72,42))))),((53,(47,(62,37))),(3,(67,8))))),48))),(56,55)),((78,((74,97),((79,87),((91,82),93)))),((90,(95,84)),((98,85),(83,88))))),(((15,14),(59,(((((73,(77,75)),(76,81)),((61,22),(12,40))),(24,64)),(((18,(38,60)),10),((44,68),57))))),((25,31),(100,89)))),((((92,(99,96)),(7,30)),(6,(20,(39,69)))),16))));
(59,(34,(36,((39,(89,94)),((55,46,20,95,57,45,2,15,73,77),((((32,63),((69,30),7)),(16,68)),(((((53,52,37),62),(47,11)),(74,(76,81))),((((84,10),((97,((93,(91,82)),79)),(87,(85,98)))),26),(((((14,(35,29)),((5,24),(38,60))),((((8,67),(96,(78,(92,99)))),((80,100),((70,33),(58,(25,(31,17)))))),((54,(6,40)),(64,((90,56),19))))),((50,12),(86,(48,1)))),(75,((((0,(66,(51,(21,43)))),(((88,83),3),(71,((22,44),(9,(27,61)))))),(((42,72),(18,65)),(28,(13,4)))),(41,(49,23)))))))))))));
(14,((45,66),((86,((55,6),61)),((((((51,(21,43)),20),(((100,((((84,(90,74)),(87,(79,(85,98)))),89),80)),((78,92),(96,99))),((18,(65,(72,42))),(28,(4,13))))),((15,((26,29),54)),2)),((((68,(5,59)),(56,24)),(48,(1,16))),((40,(12,(10,50))),(7,(36,23))))),((((30,(((((44,(71,9)),(60,38)),22),(3,(64,((19,63),57)))),(70,(27,76)))),((33,((49,41),(0,32))),(8,67))),(34,(58,(17,(25,31))))),(((46,(39,69)),(35,(53,(((47,11),(62,37)),52)))),(94,(((73,(77,75)),(95,((82,93),(91,97)))),(81,(88,83))))))))));
(35,((31,(36,23)),((14,((((25,41),17),45),63)),(58,((((64,27),(56,((13,(4,28)),(40,5)))),(((0,48),(61,(26,50))),((93,82),((99,96),(((77,75),73),((76,(84,(74,90))),(92,78))))))),((((((72,(42,(65,18))),12),24),19),(39,69)),(((68,(16,(2,15))),(29,(87,(81,49)))),((95,(70,(((44,(71,9)),(86,(85,98))),(54,(60,38))))),((91,((1,((((32,33),((47,53),(62,52))),(37,11)),34)),((59,(67,(3,8))),(80,(100,(94,89)))))),((((79,30),(88,83)),(97,6,55,10,57)),((46,(22,20)),(7,((43,21),(66,51))))))))))))));
(10,(5,((50,60),(((63,16),((78,96),(99,((28,(4,13)),92)))),((44,((38,(71,15)),((76,(3,(8,67))),((89,95),(((100,80),(94,58)),((88,((79,87),(98,85))),((97,(83,(93,82))),(84,(74,90))))))))),((51,(40,12)),((7,66,24),(((68,((14,48),(((17,35),(9,(25,31))),(61,((41,81),45))))),(6,(((39,46),(20,69)),((55,49),70)))),((((52,(33,((62,11),((53,37),47)))),(19,91)),(((54,(29,26)),(27,86)),(2,(((57,64),(75,(77,73))),(22,56))))),(((18,(65,(72,42))),(59,34)),((21,43),((0,((36,30),23)),(1,32)))))))))))));
(7,(30,(((66,(79,28)),((96,(26,(29,54))),(78,(92,49)))),((((20,74),(24,10)),(89,100,2,45)),((((57,64),(((3,((95,(19,63)),(34,0))),(86,((77,73),75))),(5,59))),90),(((1,(67,8)),(58,((31,25),(17,41)))),(6,(15,(((((((16,(84,99)),97),91),((((9,94),(56,(80,35))),(36,46)),22)),(68,55,69,39,14)),(((((42,72),(32,81)),(50,(40,12))),(((48,87),((((65,18),(33,76)),(4,13)),(((37,62),(52,(47,53))),11))),(93,82))),(23,(70,(((83,88),(98,85)),(51,(21,43))))))),(((38,60),(27,61)),(71,44)))))))))));
(69,(30,((((((72,42),(65,18)),(70,45)),(35,56)),(14,((((10,(84,48)),(43,34)),(5,59)),(66,(51,21))))),((((2,15,29),(26,49)),(68,(55,(46,58)))),((((((40,(16,(33,((11,52),((62,37),(53,47)))))),(((74,90),((77,(79,(91,((82,93),97)))),(((94,89),((87,(99,(88,(83,(85,98))))),(81,76))),(95,78,92,96,80,100,73,75)))),(41,12))),((23,36),(32,(60,7)))),(20,(25,31))),(((0,(61,27)),39),((17,((50,(54,63)),(22,(38,(44,(9,71)))))),((3,((19,(67,8)),(64,57))),(24,(28,(4,13))))))),(86,(6,1)))))));
(61,((20,22),((((44,(((49,9),(25,58)),(16,1))),24),57),((64,((92,(75,(77,73))),(78,(96,99)))),((60,((((69,39),(71,63)),((((83,88),(85,98)),((52,((62,37),11)),(47,53))),(32,(87,56)))),(38,(59,5)))),((((14,35),((10,(50,(40,12))),(((15,2),(29,26)),((7,30),(41,(19,(68,(3,(67,8))))))))),(45,70)),((46,(86,((((100,80),((((91,(97,95)),79),(90,(84,94))),74)),((((31,17),((28,(13,4)),(33,54))),(((82,93),(((66,(0,27)),(21,43)),51)),(48,(34,((42,(65,18)),72))))),(36,23))),((89,76),81)))),(6,55))))))));
(66,((51,(43,21)),((((94,(0,76)),(33,(52,((47,53),(11,(37,62)))))),((((((38,60),(71,((9,44),3))),((61,27),30)),(((67,8),(86,(28,(4,13)))),(((19,63),57),(64,22)))),(32,(87,23))),(26,29))),((24,((73,(77,75)),(((((88,83),(98,85)),((97,(82,93)),(95,(91,79)))),(100,(89,80))),(90,(84,74))))),((7,((((81,92),(96,99)),78),(14,45))),(((((65,(18,(42,72))),(70,(69,39))),(10,((34,(68,(59,5))),(50,(12,40))))),((1,16),((((20,58),48),((31,(17,25)),(41,49))),(6,(46,55))))),((54,(56,36)),(2,(35,15)))))))));
(46,(100,(30,((((((91,(95,97)),(((7,36),(22,(89,(87,(20,99))))),(((77,73),75),(32,3)))),(57,64)),(((15,54),((55,96),((19,(92,78)),6))),((((((53,47),(62,(52,(11,37)))),((56,(0,(28,(13,4)))),63)),((83,(88,(98,85))),84)),((33,(29,26)),((27,81),48))),(16,1)))),(((((61,(5,79)),(68,59)),2),(((((31,(25,17)),(41,(76,49))),((58,35),(45,14))),((70,23),(((50,(12,40)),(10,((67,8),(38,60)))),((66,(82,93)),((34,((43,(51,21)),(18,(65,(72,42))))),(71,9)))))),((90,74),94))),(24,80))),(44,(39,(69,86)))))));
(19,(22,((67,8),((57,(63,64)),(61,((40,(12,50)),(10,(66,(24,((((((58,(14,45)),(((62,37),(53,(52,11))),(3,(27,(56,33))))),(7,((38,(44,(71,9))),60))),(99,(96,(92,78)))),((((25,(41,49)),(17,31)),(59,34)),(2,(((6,(69,(70,20))),46),(39,55))))),(((0,5),(((86,(30,(23,36))),((72,42),(28,(4,13)))),((((((94,89),(80,100)),((95,(82,93)),((97,(79,91)),(48,(74,(90,84)))))),(51,(83,((98,85),88)))),(21,43)),((77,73),(75,81))))),(((29,(26,32)),15),(68,(((76,35),(54,(16,1))),(47,(87,(18,65)))))))))))))))));
(14,(((17,(25,31)),45),((35,(41,49)),((((46,(6,(55,(39,69)))),(7,30)),((((66,(43,(21,51))),(63,(71,9))),(70,(85,98))),(((87,56),(11,((53,47),(52,(37,62))))),(58,3)))),((((68,(59,5)),(94,89)),((76,99),(97,((79,88),(91,(82,93)))))),(((((((73,(77,75)),(96,92)),78),(80,100)),(((84,(74,90)),((61,22),(83,27))),((23,20),((((34,(33,(28,(13,4)))),36),(95,(32,(18,((72,42),65))))),((26,(1,16)),(48,0)))))),(((44,((60,38),((8,67),(19,(64,57))))),(2,15)),(((50,(40,12)),(10,29)),54))),((24,86),81)))))));
(45,((7,(71,(28,(13,4)))),((50,(12,40)),(((((52,(37,((53,47),(62,11)))),(33,0)),((75,77,73),68)),(((66,(51,(43,21))),(34,30)),86)),((((((92,58),(56,59)),(((48,((38,60),(27,(76,32)))),(((42,72),23),((65,18),(81,36)))),(94,((91,(((((98,85),(88,83)),(97,(82,93))),((90,74),87)),79)),(84,95))))),((22,39),((57,((63,19),(67,(8,3)))),64))),(((54,78),(96,6)),(46,(9,((70,41),(49,5)))))),(((61,(17,15)),(((20,(((100,80),89),29)),(24,16)),35)),(99,2,26,55,69,14,31,25,1,44,10)))))));
(76,(81,(((73,77),75),((59,(80,100)),((((((18,65),(42,72)),(33,(((11,52,62),37),(47,53)))),(84,79)),((7,30),(34,(36,(94,(43,21)))))),((((22,(10,(50,(12,40)))),(((68,(23,1)),(24,((90,74),((15,2),(54,(((26,29),(56,20)),(((((63,((8,67),(3,19))),((9,71),44)),(64,57)),((51,66),(28,(4,13)))),(86,((93,82),(((83,((85,98),88)),(97,(87,91))),95)))))))))),((61,(89,5)),((58,((55,46),(96,((92,78),(99,27))))),(6,((32,(69,39)),(70,((41,(35,14)),(45,(48,(0,((25,(49,17)),31)))))))))))),(38,16)),60))))));
(66,((39,92),((86,(((96,78),(99,48)),(10,(50,(12,40))))),(((((35,46),55),((((27,61),(((80,100),(((97,((91,((93,82),(81,76))),((85,98),83))),((79,87),((90,84),(74,95)))),(88,34))),(89,94))),(((65,18),(42,72)),(14,(25,(49,(17,31)))))),(70,(20,(75,(77,73)))))),((((57,(19,64)),(63,(67,8))),(((58,41),(28,(4,13))),((33,((53,47),((11,(37,62)),52))),(0,(51,(43,21)))))),((((60,(26,29)),44),(9,3)),((((24,(68,(5,59))),((71,((7,54),(30,(23,36)))),((38,(56,45)),(16,1)))),2),15)))),((6,(32,69)),22)))));
(24,(((51,(66,(43,21))),(68,30)),(((60,38),(61,27)),((7,69,2),(((((22,((42,72),(65,18))),((41,((25,31),49)),(48,(9,17)))),((10,(57,(63,19))),((((6,(3,(67,8))),(70,(32,35))),39),29))),(64,(((((((58,(34,26)),86),((81,76),(73,(77,75)))),(23,36)),(0,(94,(((91,89),(93,82)),(((((88,((83,85),98)),(79,87)),90),(74,84)),((97,95),(100,80))))))),((((((28,(13,4)),(59,5)),(56,((53,47),(62,(11,(37,52)))))),((46,20),(50,33))),(44,45)),(((92,96),(78,99)),((71,55),(14,(40,12)))))),(54,15)))),(1,16))))));
(7,(57,(64,((2,14,24),((((((((((46,55,6,39),(70,69)),(32,50)),(23,(36,(43,21)))),(44,(9,71))),(63,68)),((48,(45,((49,(31,17)),(25,(41,58))))),20)),(((30,(94,(((84,74),((((93,82),(83,(90,91))),(97,95)),((88,(98,85)),(87,79)))),((89,80),100)))),((27,34),56)),((66,51),(((28,(4,13)),(3,0)),((8,67),(26,(5,59))))))),((((65,(72,42)),(11,(33,(47,(53,(52,(62,37))))))),(18,(15,(86,(81,76))))),(((10,(22,(40,12))),((54,29),(19,35))),(((((77,(75,99)),73),96),78),92)))),(((61,16),(60,38)),1))))));
(20,((29,(68,(5,59))),((45,(65,(18,(42,72)))),((81,(33,(53,47))),((49,(23,34)),((((((80,(100,(86,94))),(((66,(51,(43,21))),(9,99)),(14,35))),(((((97,95),84),(((73,77,75),76),(87,((85,98),(((93,82),(91,(88,83))),79))))),((74,90),48)),(((0,((52,11),(37,62))),(17,41)),((3,(67,8)),((57,64),(19,63)))))),((15,(24,(25,31))),(((92,78),(30,(7,36))),(2,96)))),(((32,70),(((69,46),6),(55,(10,39)))),(28,(13,4)))),(((((61,26),(((44,(56,22)),(89,27)),(1,16))),(71,(60,38))),54),(58,(40,(50,12))))))))));