(80,((((95,97),((91,(82,93)),((79,87),((84,(90,74)),(88,(83,(98,85))))))),(100,(94,89))),((64,14),((((2,(24,(16,(56,1)))),(((((57,(8,67)),((36,23),(((9,54),71),44))),((30,(75,(73,77))),((38,(60,61)),(7,(49,41))))),(51,(66,(43,21)))),((((11,(62,37)),((47,53),33)),(19,(27,28))),58))),(35,(92,((99,96),78)))),((((((0,(13,4)),(22,52)),32),(((3,((72,42),(65,18))),86),((63,(76,81)),(25,(17,31))))),(15,(29,26))),(((6,(39,(69,(55,46)))),(40,(12,50))),(45,(((70,20),(68,(59,(34,5)))),(10,48)))))))));
(86,((99,((((92,78),96),(((90,74),84),((79,(87,(83,(88,(98,85))))),(91,(95,(97,(82,93))))))),100)),(((68,(34,(59,5))),(3,(67,8))),((((80,((58,(17,(41,49))),(23,89))),((((((11,((52,((37,62),47)),53)),56),(24,1)),16),((42,72),(18,65))),7)),(19,57)),(((10,(13,4)),(((((33,(32,((31,25),48))),(69,45)),((46,55,39),(20,6))),14),(((77,(73,75)),(76,81)),(40,12)))),(((50,64),((((27,38),(61,(35,44))),((22,60),(71,9))),((51,66),(36,63)))),((2,((26,29),15)),((30,(21,43)),(((70,54),94),(28,0))))))))));
(51,((43,21),(((15,17),25),(((61,27),(60,(38,(3,(67,8))))),((2,48,41,89,90,74,75,77,73),((86,(40,((50,12),10))),(((((59,(68,(45,(14,35)))),(56,((16,1),24))),(((((34,69),((64,(19,(63,57))),(84,(0,(26,29))))),(54,58)),(32,5)),((4,(13,28)),(((53,47),(11,52)),(33,(62,37)))))),((((70,((55,46,39),20)),((23,6),(36,(30,7)))),((((42,72),(18,65)),66),(81,76))),(((9,44),(71,22)),((95,((97,79),(91,(((98,85),(88,83)),(82,(87,93)))))),(31,49))))),((94,((78,92,96),99)),(80,100)))))))));
(57,((64,(63,59)),(((67,8),3),(((33,(47,53)),(34,((37,62),(52,11)))),(((28,(4,13)),(81,((73,77),75))),(((1,16),(45,(20,(71,9)))),((((17,(32,((6,69),39))),((25,31),(((41,(19,(49,(((42,72),(65,18)),(56,23))))),(58,(12,36))),(48,21)))),(((78,((((((98,85),(96,76)),((91,97),(95,(83,88)))),87),(84,(90,74))),((93,82),(89,94)))),(79,(99,92))),(35,((51,43),(66,86))))),((14,10,50,44,60),(((((61,0),((((29,27),(70,(68,5))),30),7)),(26,(54,(15,2)))),(24,55)),((46,22),(38,((100,80),40))))))))))));
(7,((26,29),((((((62,37),52),11),(47,53)),((1,16),(24,33))),((30,(36,23)),(((55,46),(2,(61,(75,(77,73))))),((((58,((35,((14,(20,34)),45)),(10,(12,(40,50))))),(((86,0),70),(32,(17,(49,41))))),(((6,(39,69)),(81,((78,92),(99,96)))),(((((89,84),((((87,79),(97,(93,91))),(90,74)),((85,98),(95,(83,88))))),(80,100)),94),((((56,(27,76)),82),(25,31)),(48,9))))),(((((18,(42,72)),65),((66,(28,(13,4))),(51,(43,21)))),(((3,(8,67)),(64,((22,(60,38)),(57,(19,63))))),(54,(68,(59,5))))),((71,44),15))))))));
(64,(((1,(24,16)),((51,(21,43)),(56,((((91,(88,79)),(85,98)),90),(84,34))))),((((((55,46),((39,(6,69)),((50,40),(((14,35),10),12)))),(((((67,8),7),(19,((((27,((13,4),3)),86),((31,(17,25)),(99,0))),(41,49)))),(28,(((74,(83,(87,(97,((93,82),95))))),((70,20),(75,((42,72),(18,65))))),(30,(23,36))))),66)),((45,(48,58)),(2,((54,15),(96,(78,92)))))),(((33,(53,(47,(52,((37,62),11))))),((59,(5,68)),((100,((63,(29,26)),(32,((73,77),(76,81))))),(80,(89,94))))),((22,(44,(71,9))),61))),(57,(60,38)))));
(71,((43,(66,21)),((97,(79,(93,20))),(((((46,(55,(60,38))),(10,(7,(82,84)))),((((((2,(24,(((75,1),(9,44)),22))),45),(6,(69,39))),(14,15)),(19,68)),(40,(57,64)))),(((27,95),(((18,(65,(72,42))),(63,5)),(94,(32,34)))),((100,((59,((48,(33,3)),(((83,88),((28,13),4)),76))),(((85,98),(11,(47,(52,((62,37),53))))),(((((49,41),(35,70)),(((17,(25,31)),((90,74),(67,8))),(51,0))),(36,(23,30))),(58,(((26,56),29),81)))))),(89,(16,(50,12)))))),(((96,(92,(78,99))),((((91,87),54),61),86)),(80,(73,77)))))));
(8,((3,67),((64,(57,19)),((((20,(69,39)),55),(46,6)),((((((24,35),30),((((32,(17,((25,31),(41,49)))),(((((95,(((82,93),91),97)),(((98,87),79),(85,(88,83)))),(84,(90,74))),81),23)),((44,(71,9)),(61,27))),7)),((96,92),((77,(75,73)),78))),(((36,((100,80),(89,94))),((28,70),(76,(33,(65,(72,42)))))),2)),((((68,((58,(4,13)),(22,(48,(59,5))))),(10,(60,38))),((((21,(66,(43,51))),14),(34,(54,(15,(26,29))))),((18,0),((99,(52,((53,(37,62)),(11,47)))),((1,16),(56,63)))))),((45,86),(50,(12,40)))))))));
(68,((5,59),(((38,60),((89,(16,1)),((((((19,(64,57)),24),((61,(99,(96,(92,78)))),(((((71,(39,69)),(20,48)),6),(35,(45,((75,(73,77)),(34,((17,(31,25)),(49,41))))))),(29,58)))),2),(((((0,((42,72),(65,18))),(23,30)),((27,(3,56)),((((43,51),66),21),32))),((((((81,(9,22)),(33,((62,37),((52,11),(53,47))))),(((76,(28,(4,13))),86),(54,26))),44),(50,(12,40))),(63,((94,(36,70)),(8,67))))),(15,14))),(((80,100),10),(93,(((90,(74,84)),82),(((88,((98,85),83)),(95,(79,87))),(97,91)))))))),(7,(55,46)))));
(94,(89,((100,((95,(((91,97),(93,82)),(88,(87,(56,(0,(85,(98,83)))))))),(79,(84,(74,90))))),(((71,44),(3,(67,8))),((((24,15),((54,(29,26)),2)),(((35,(68,58)),14),(45,(59,5)))),((((((16,((55,46),(50,(40,12)))),10),(57,((19,63),(22,64)))),(61,(((23,27),(34,(4,13))),66))),(((((6,((39,32),((49,(17,(31,25))),(48,41)))),(69,20)),70),(1,((9,(((51,(21,43)),((80,(((78,(75,(73,77))),96),(99,81))),(76,(86,(33,92))))),((37,((11,(62,(47,53))),52)),28))),((65,18),(72,42))))),(60,38))),(7,(36,30))))))));
(23,((28,(4,13)),(19,((33,(((37,62),(53,47)),(11,52))),(34,((((6,((((80,100),(((88,(98,(85,83))),(79,87)),((90,74),((95,(97,((82,93),91))),84)))),(67,55)),46)),(44,(32,(69,39)))),0),((((75,(73,77)),(81,76)),(94,89)),(((((29,(54,26)),15),((16,1),(((86,49),27),((17,41),(58,(31,25)))))),((63,((66,(51,(43,21))),(42,(18,(72,65))))),(36,30))),(((((92,(78,96)),64),(2,57)),24),(((7,((61,22),(((45,35),(48,(14,9))),99))),((((60,38),(20,3)),((70,(40,12)),(50,10))),(56,71))),(8,(68,(59,5)))))))))))));
(97,(91,(((83,(88,98)),(93,82)),((54,26),((16,(59,5)),((78,((41,(68,(86,94))),(56,49))),(((96,92),(((((((((25,(17,31)),(63,36)),(((33,((37,(62,11)),(52,(47,53)))),(((13,4),48),(28,((65,18),(72,42))))),99)),(((34,32),(3,(8,67))),70)),(38,((77,73),75))),((87,(79,95)),(((((44,71),60),(45,(39,69))),(9,(90,74))),89))),((57,80),((55,(6,(14,24))),((((12,(66,(51,(43,21)))),((10,50,40),(35,(1,19)))),(((61,81),27),22)),(46,20))))),(15,(29,2))),(64,100))),(((30,(23,7)),76),((85,84),(0,58))))))))));
(89,(80,100,(94,(((22,96),(78,(((90,84),(88,(83,(85,98)))),(99,92)))),(16,(((24,((((74,(((91,(97,(82,93))),95),(79,87))),((52,(62,(37,11))),(33,(47,53)))),65),0)),(86,(54,10))),(((((34,(81,1)),76),(36,(27,23))),((59,(5,68)),(12,40))),((2,15),(((((26,29),(50,(44,(71,9)))),((56,(8,67)),(((7,(48,((14,((35,(58,(32,17))),((46,55,69,39,20),6))),((31,25),(41,49))))),((57,64),((((72,42),18),((28,(4,13)),(70,19))),((63,(60,38)),(61,(66,(51,(43,21)))))))),(3,30)))),(77,73)),(75,45))))))))));
(24,(((((64,26),(7,(23,(36,30)))),(57,(19,63))),(16,1)),(((15,(49,((6,(69,39)),(((99,(96,(78,92))),((5,20),((61,27),(34,70)))),((22,(0,32)),(((52,47),(37,((11,62),(53,33)))),(((42,72),(18,65)),(76,(4,13))))))))),(((86,((((75,81),73),77),(((88,(83,(85,98))),((95,(97,(91,(82,93)))),(79,87))),(100,((84,(90,74)),(89,(94,80))))))),(((44,(71,9)),(60,38)),(28,(14,35)))),((46,55),(2,(54,29))))),((((((12,10),((40,50),(59,68))),56),(51,(43,21))),(8,(67,3))),(((58,(25,31)),(48,(41,17))),(45,66))))));
(86,(64,((((24,((43,21),22)),(2,(46,55))),15),((((30,((16,(1,94)),(57,(63,((8,67),3))))),((((61,((71,(9,44)),(((76,81),(0,70)),(32,(13,4))))),((((51,((36,(38,60)),35)),(((28,19),(((95,(((82,93),(84,90)),(88,(83,(98,85))))),(100,(((77,73),75),(97,(74,91))))),(87,79))),(48,((17,(25,31)),(58,(41,49)))))),(((((7,(80,89)),27),(66,(65,18))),(33,(11,(52,(37,(62,(53,47))))))),(68,(((5,50),((40,12),10)),59)))),(92,(96,(99,78))))),(14,(54,(29,26)))),((34,6),(69,39)))),((23,(56,20)),(72,42))),45))));
(66,((51,(43,21)),((36,35),(7,((19,15),((((((41,49),(58,17)),30),16),((8,67),((18,(23,54)),(3,65)))),(((44,((24,(1,(5,59))),(((71,9),0),(50,(86,(40,12)))))),(((22,61),((((87,84),94),((((79,((95,(93,82)),97)),((98,85),(83,88))),((100,(90,74)),((91,89),80))),((78,(96,99)),92))),(((((48,(56,(33,((53,47),((11,52),(62,37)))))),(25,31)),(42,72)),(((28,(13,4)),(68,27)),64)),81))),34)),((((76,((77,73),75)),(63,(((69,((6,70),(39,32))),20),(55,46)))),(38,(29,26))),(14,45,10,57,60,2)))))))));
(66,((51,((13,4),(21,43))),((99,(76,(56,48))),(((((84,(89,94)),((87,(82,93)),38)),(60,58)),14),(2,(((59,(((16,((((73,(75,77)),(17,(100,80))),61),(((3,20),(71,(44,9))),6))),(24,((55,((22,15),46)),(39,69)))),(10,(50,(12,40))))),((5,45),((34,68),1))),((((96,(23,(74,90))),95),(((85,98),(79,(78,((29,26),92)))),(91,97))),((81,(19,(57,((63,(27,64)),((((35,((83,88),36)),(65,(18,(72,42)))),(((0,(28,54)),((67,8),(70,(32,(47,(62,37)))))),((52,11),(53,33)))),((25,31),((30,7),(49,41)))))))),86))))))));
(16,((((((44,(9,71)),((22,(61,(60,38))),(3,(63,(57,64))))),((43,(66,21)),(4,28))),((40,10),(12,(50,51)))),(15,2)),((((95,((((91,93),82),97),((87,((83,88),(85,98))),79))),((89,94),80)),20),((86,((49,7),((32,(39,69)),(55,(6,46))))),((((((75,(73,77)),(92,(100,81))),((34,76),(26,(29,54)))),(27,((24,41),((33,70),(68,(59,5)))))),(((((42,72),(65,18)),(56,1)),((13,23),((99,(78,((84,(74,90)),96))),(67,8)))),(30,36))),((14,(45,35)),((((62,(47,((11,37),(53,52)))),(48,(17,58))),(0,(31,25))),19)))))));
(2,(15,(6,((((68,(48,(((10,35),45),(((58,(31,(17,25))),(41,49)),14)))),(55,7)),((64,(86,(24,((8,67),(((78,92),(89,(99,((77,73),75)))),96))))),((((26,(((72,42),(65,18)),(5,59))),(9,(44,(71,(60,38))))),61),46))),((((20,22),((29,(70,19)),(39,69))),(((((94,(50,(40,12))),(95,((((90,84),74),(98,87)),((91,(93,82)),(97,((85,(83,88)),79)))))),((28,(4,13)),((11,(62,37)),(33,(52,(47,53)))))),(81,(((30,(23,36)),(((32,34),(0,(76,56))),21)),63))),(16,1))),((((66,(43,51)),(57,(27,54))),(80,100)),3))))));
(55,(46,(((29,(24,(1,16))),(34,(68,(59,5)))),((((50,(40,12)),54),(7,81)),((2,((35,(58,(48,((41,49),(31,(17,25)))))),(14,45))),((((((6,(39,69)),20),(((72,42),(66,(51,43))),((3,(64,(57,(8,67)))),(63,19)))),((((38,60),22),(((27,(18,65)),61),44)),(9,71))),(((92,78),((80,(100,((((87,(83,88)),(84,(74,90))),((85,98),((97,79),(91,(95,(93,82)))))),(94,89)))),96)),(99,((73,77),75)))),(((((((11,52),(47,53)),(33,(37,62))),((21,(32,0)),(86,((28,(13,4)),70)))),(76,56)),(30,(36,23))),((26,10),15))))))));
(61,((27,22),((9,(44,71)),(((99,((78,92),((77,(75,73)),96))),(57,64)),(15,(((2,((((98,85),(((65,18),42),72)),(34,(66,(51,(43,21))))),((38,(60,(28,(13,4)))),(30,(70,(23,(36,7))))))),((80,(24,(((((((95,(87,((83,88),79))),(((((62,37),(52,33)),11),(47,53)),76)),((49,41),(17,(25,31)))),56),(1,16)),(54,(29,26))),(63,(81,(67,0)))))),((59,(35,(89,(3,8)))),(19,58)))),((100,(((((93,82),(91,97)),(86,(84,(90,74)))),(((69,39),(6,(20,(55,46)))),((40,50),12))),(32,94))),((45,14),(10,(68,(48,5)))))))))));
(17,(((25,31),(41,49)),((45,(91,((97,((100,(74,90)),80)),(94,89)))),((((63,(88,(85,98))),(23,(36,30))),61),(((12,(10,40)),(50,((77,73),(75,70)))),(((1,((68,(9,71)),(59,5))),((22,79),((((((35,((82,(93,0)),95)),((43,21),(51,66))),((65,18),(42,72))),(33,(13,(4,28)))),(87,(27,58))),34))),((((((((((60,38),(19,(64,57))),(44,(67,8))),(29,3)),24),(2,15)),46),(((39,54),((20,86),(55,(32,(6,69))))),7)),(((84,(48,(26,83))),(81,76)),(16,(56,((37,62),(11,(52,(53,47)))))))),(14,(78,(96,(99,92)))))))))));
(38,((60,(27,0)),(((22,61),63),(((((((((94,(77,(73,75))),(100,(80,(89,79)))),((83,88),(((95,(93,82)),(84,(90,74))),((85,98),(91,97))))),((((56,87),(((34,(18,65)),20),68)),(((44,(71,9)),(23,(76,(13,4)))),28)),(66,(43,21)))),((50,40),(5,32))),(((51,(14,81)),(36,(41,(8,67)))),(57,(19,64)))),(58,16)),(((((3,(33,((62,11),(52,((47,53),37))))),((17,(49,(25,31))),(48,12))),(((96,(92,78)),86),((6,(55,46)),(69,39)))),((((26,54),(99,(59,70))),(10,(29,35))),(24,((1,(72,42)),15)))),(2,(7,30)))),45))));
(2,(((26,(29,54)),15),(((57,(64,(63,19))),(10,(60,38))),(24,((((((((92,(((97,(91,(95,(90,74)))),79),(82,93))),((75,(77,73)),(84,83))),80),((94,89),100)),78),96),((((28,(4,13)),((34,((27,22),81)),56)),(58,(87,(99,76)))),((((86,(31,(17,25))),(66,(51,(21,43)))),(32,((72,42),(65,18)))),((48,(0,(88,(98,85)))),(52,(33,((11,(62,37)),(53,47)))))))),(((((50,(12,40)),((6,(70,(69,39))),(46,55))),61),((71,(16,1)),(44,45))),((((68,(5,59)),((30,7),(23,(36,(3,(67,8)))))),(49,41)),(14,(9,(35,20))))))))));
(40,(12,(((20,((((((((67,8,3),((75,(73,77)),((27,((61,(38,60)),(71,(44,9)))),22))),(7,(19,(63,((42,72),(65,18)))))),((64,57),30)),((5,59),(33,(58,(36,23))))),(16,((100,80),(81,((((84,(74,90)),((((95,(83,(85,(98,88)))),(97,91)),79),87)),93),82))))),46),(2,(15,(29,26))))),((((86,1),(39,6)),((((25,(17,31)),(41,76)),45),(96,(92,78)))),((51,((43,21),((28,(4,13)),(32,(99,49))))),(((56,((54,(0,70)),48)),(37,((47,53),(52,(11,62))))),((55,(94,89)),((34,68),(50,66))))))),((24,14,10),(35,69)))));
(20,(((((70,69),46),55),(6,(39,32))),((((71,(31,34)),76),(1,(5,59))),(((58,89),((49,(41,(17,25))),((72,42),(18,65)))),((16,(45,9)),((((10,(61,27)),44),((68,((51,(21,43)),(12,(40,50)))),(14,(35,66)))),((((((78,(23,(0,33))),((96,(73,(75,77))),(92,99))),(86,((48,((11,(52,(62,37))),(47,53))),(28,(4,13))))),((30,(7,36)),(100,(60,38)))),((((85,98),((93,(97,(82,91))),95)),((87,(84,(74,90))),(94,((88,83),79)))),(((81,(3,(8,67))),(57,(64,(63,19)))),56))),(((2,((15,(29,26)),54)),80),(22,24)))))))));
(58,((95,(94,89)),((((49,(((17,(35,14)),((31,45),((((6,(32,69)),(46,55)),20),(39,70)))),(25,41))),((48,(85,98)),68)),((56,(5,59)),34)),(((((((83,88),(91,((((84,100),(74,87)),((79,90),(80,(93,82)))),97))),(1,16)),(((((81,(76,(75,(73,77)))),78),92),99),(50,96))),(((15,2),(54,(12,40))),(24,(((22,(63,(9,(71,44)))),((66,(43,21)),(23,(36,30)))),((7,((18,(65,(42,72))),(11,(((47,53),(62,37)),(52,33))))),((28,(29,26)),27)))))),(51,10)),(0,((((38,(60,61)),((64,(3,(8,67))),57)),(19,(4,13))),86))))));
(99,((38,(86,(96,60))),(((10,((40,(12,50)),(64,(57,(63,19))))),((44,(7,14)),35)),((((78,(((58,41),49),(92,(89,(80,(100,(94,((((79,91),(84,(90,74))),(((87,((98,85),(83,88))),93),(82,95))),97)))))))),(((((((5,59),45),(34,9)),(2,(54,(26,29)))),((51,66),(((27,22),61),(73,(77,75))))),(71,((42,72),(65,18)))),(28,((13,4),(0,76))))),((24,(68,(1,((11,((52,(37,62)),((47,53),33))),(16,56))))),(43,21))),((48,15),(((32,70),(69,(39,6))),(((3,(8,67)),(30,(81,(36,23)))),((20,(46,55)),(25,(31,17))))))))));
(24,((((((12,(40,50)),(((28,(4,13)),9),(((56,0),(81,((42,72),27))),(5,59)))),((((22,19),(57,64)),((((87,79),(91,95)),((84,(90,74)),(97,(82,93)))),((85,98),(83,88)))),((96,((92,(77,(73,75))),(99,(76,78)))),((7,((54,(63,(33,36))),51)),((16,1),((((46,55),20),(39,(69,6))),((45,14),((17,(25,31)),((58,(48,(41,49))),(35,(70,32))))))))))),(((44,(((71,10),(43,21)),66)),(65,18)),(((3,(67,8)),((34,(61,(38,60))),86)),(23,30)))),((2,68),((52,(37,((53,47),(62,11)))),((80,100),(94,89))))),(15,(26,29))));
(51,(34,(14,(2,((46,(15,((10,(26,29)),((20,54),56)))),((55,((((((((100,80),(((90,(74,84)),(95,(93,82))),(((73,77),75),94))),(89,(((98,85),(83,88)),(97,(91,(79,87)))))),(45,35)),(((23,((((96,99),(92,78)),86),((81,(28,(13,4))),76))),(59,5)),((63,(1,16)),24))),(((66,(21,43)),(((17,25),(31,0)),(41,49))),(50,(12,40)))),((38,60),(68,(6,(39,69))))),(48,58))),((7,30),(((36,32),(((33,((53,47),((37,62),(11,52)))),27),((72,42),(18,65)))),(((22,61),(19,(9,((44,70),71)))),((3,(67,8)),(64,57)))))))))));
(45,((14,35),((5,(59,68)),((89,((((82,93),91),((97,(74,79)),(95,((84,87),90)))),(80,(34,66)))),((94,9),(((((78,(96,(44,92))),(((((28,(4,13)),76),(((((47,53),(62,37)),(11,33)),52),(32,((72,42),(18,65))))),(26,(15,(2,(73,(75,77)))))),((99,(69,39)),((((43,(21,51)),(70,71)),(54,29)),((0,(23,81)),36))))),64),((100,24),30)),(((46,((25,(49,41)),(58,(31,17)))),((((50,(12,40)),55),(((56,(63,(98,(85,(83,88))))),(48,(61,27))),(6,(20,(16,1))))),7)),((((3,(8,67)),86),((38,60),(10,(19,57)))),22))))))));
(97,((100,(75,(73,77))),(((((((49,(55,(7,30))),(38,(60,31))),6),69),((41,((58,(94,(85,98))),48)),46)),(((((36,(23,(18,65))),((4,(19,28)),((86,((76,63),(13,(88,83)))),(66,(72,42))))),(33,(52,((53,47),(11,(37,62)))))),(((17,((70,(32,87)),26)),(68,(59,5))),(0,25))),(34,89))),(((57,10),(24,((16,(56,1)),(54,14)))),((((71,((3,(8,67)),(9,44))),64),(((35,45),(((((43,21),51),(22,40)),(39,(96,(99,(78,92))))),(61,27))),((81,(50,12)),((95,(15,29)),((82,93),(91,(79,(84,(74,90))))))))),(80,(2,20)))))));
(49,((((46,55,70,69,10,58,17,34,7,36,16,1,78,92,99),(((18,72,42),(65,23)),(((31,35),24),(41,(40,(12,50)))))),((63,(((2,(94,(68,54))),((30,45),14)),52)),(((25,((43,21),(66,51))),(39,96)),(((90,(85,(83,98))),(89,100,80,74)),(95,(((79,91,97,82),84),(93,88))))))),((((53,47),(76,81)),((48,(((0,((5,59),87)),22),((((77,(73,75)),((((56,((4,13),28)),3),86),(37,62))),(6,(20,19))),32))),(33,11))),((15,(29,26)),((((61,27),(71,44,8,57)),((67,64),(60,38))),9)))));
(40,((((39,69),6),(14,35)),((((10,(24,(54,15))),(20,(2,68))),(((((((((((27,94),34),(0,22)),(67,(8,3))),(26,29)),(23,((50,12),(28,(4,13))))),(58,48)),((56,(86,(49,(41,(17,(25,31)))))),((61,(((38,60),33),32)),(46,55)))),5),((66,(51,(43,21))),((70,7),((82,93),((42,72),(18,65)))))),(((64,57),((44,(9,71)),(63,19))),(59,((92,(78,96)),(((((90,(74,84)),((79,87),((98,(85,83)),88))),(91,(97,95))),((89,80),100)),(81,(76,(75,(73,77)))))))))),(45,((16,1),((30,36),(((47,53),(52,((37,62),11))),99)))))));
(100,(80,((((((95,(84,(87,((98,85),(83,88))))),(90,74)),(97,(82,93))),91),(94,89)),(((43,21),(7,(99,(78,(92,96))))),((51,66),(68,((75,(77,73)),(((57,64),(46,55)),((((2,(16,1)),((14,35),((61,(36,19)),(((58,(48,17)),49),(41,(25,31)))))),(24,(12,(40,50)))),(((((((0,23),((28,(4,13)),70)),32),(((33,(53,(47,(11,(37,(52,62)))))),(9,(56,27))),((81,76),(((63,(72,(18,(65,42)))),5),59)))),(((((3,(67,8)),34),(20,10)),45),(15,(54,(26,29))))),(86,(71,(79,44)))),((6,(39,69)),(30,(22,(38,60))))))))))))));
(81,(((82,((98,85),(83,88))),(((((((59,5),(0,27)),(84,(90,74))),((22,29),(33,(76,87)))),(95,((11,62),(65,(42,72))))),((91,97),93)),(79,26))),(((96,99),(78,92)),(((((47,53),(52,37)),54),48),(((9,(17,31)),(((15,(57,(19,64))),((((((61,(60,38)),((16,((43,21),(51,66))),(71,(63,(3,(8,67)))))),2),(44,(68,(12,50)))),((10,58),(((1,24),7),((14,((45,25),(41,49))),35)))),(56,20))),(40,((6,(55,46)),(69,39))))),(((86,70),(30,34)),(((73,(75,77)),(94,(100,(80,89)))),(36,((((13,4),28),18),(32,23))))))))));
(20,((23,36),(((7,(30,3)),(39,69)),((6,70),((((((2,(15,54)),45),((((((50,(40,12)),(66,(51,(21,43)))),(((16,1),(61,22)),((60,38),(71,44)))),((57,((19,63),64)),(55,68))),((((((99,(96,92)),((84,(90,74)),(79,((97,((87,(82,93)),(91,((98,85),(83,88))))),95)))),((47,(53,((11,52),(37,62)))),(33,56))),(14,(((49,41),(17,(31,25))),(8,67)))),(34,9)),(((81,((80,100),((94,89),86))),78),42))),((10,24),(35,(5,59))))),((48,(75,(73,77))),46)),(26,29)),(((72,(18,65)),((58,(28,(4,13))),(27,32))),(76,0)))))));
(86,(((((69,(55,46)),(((70,20),6),39)),(((((24,56),(16,1)),(((31,25),(17,(28,(13,4)))),(49,41))),((((9,44),(71,(60,38))),(64,((8,67),19))),(40,((63,(23,(33,27))),(((65,18),(42,72)),0))))),((((84,(32,99)),(97,(95,((82,93),79)))),((100,89),(((91,((74,90),87)),94),80))),(96,((88,(83,(85,98))),(78,92)))))),(12,50)),(57,((((((54,(26,29)),(36,((52,47),(62,(53,(11,37)))))),(48,((81,76),(75,(77,73))))),(35,14)),(61,22)),(((7,((59,((58,(5,68)),3)),34)),((45,(15,2)),30)),(10,(66,(51,(43,21)))))))));
(56,(24,(7,((((((90,74),84),(79,(95,((93,82),(97,91))))),(9,(44,(71,1)))),(26,(51,21))),((((15,16),(68,(5,59))),(20,((32,((39,69),6)),(55,(46,70))))),((61,(22,((10,(48,(54,(8,67)))),((42,72),(18,65))))),(((((((76,81),((73,77,75),((96,(78,92)),99))),(27,58)),(57,45,2)),(((12,(40,50)),((30,(17,((66,43),36))),38)),(((64,19),(35,(100,((89,((98,85),(88,83))),(80,94))))),60))),((86,((28,(13,4)),((87,23),(0,34)))),((33,((47,53),(52,(37,(62,11))))),(3,(63,((31,25),(41,49))))))),(14,29))))))));
(69,(6,(39,(((46,55),((60,38),(((71,61),(44,9)),22))),(66,((((((((78,92),(96,99)),((95,(90,74)),(((93,82),(88,(83,(98,85)))),(79,((84,(87,91)),97))))),15),((68,(59,5)),((94,89),((16,1),(((54,((62,52),(33,((11,37),(53,47))))),32),34))))),(24,(2,(57,(64,19))))),(((((((58,(31,25)),(48,(76,81))),(((27,(56,0)),(28,(13,4))),63)),(40,(10,(50,12)))),(((36,86),(3,(8,67))),(17,(41,49)))),((70,((42,72),(65,18))),(23,(51,(43,21))))),((((77,73),75),(100,80)),(7,30)))),((35,(14,45)),(20,(26,29)))))))));
(20,((59,5),(((55,46),(39,(69,6))),((16,1),((35,14),(((36,((29,26),((58,(((31,(17,25)),(49,41)),48)),45))),(54,(2,15))),(((((10,92),(86,((56,68),(96,(99,(23,7)))))),((((((61,((70,9),(27,71))),44),22),(57,(64,19))),3),((((18,(65,(42,72))),((32,(28,(4,13))),(38,60))),((34,(((((82,93),95),((97,(84,(74,90))),(91,((98,85),(88,83))))),(87,((79,76),94))),(81,(((100,80),78),(89,((77,73),75)))))),((12,(67,8)),63))),(30,(66,(51,(21,43))))))),24),(((33,((11,(52,(53,(37,62)))),47)),0),(50,40)))))))));
(86,((26,29),(((35,((45,((((55,((46,70),(20,32))),6),(69,39)),58)),14)),(10,48)),(((((0,34),((56,(16,1)),(50,(12,40)))),(54,((68,59),(((4,13),(24,((62,(52,((37,33),(47,53)))),11))),(5,(51,(66,(21,43)))))))),((2,15),((((61,(49,(17,(41,(25,31))))),((67,28),8)),(65,(18,(42,72)))),((((44,9),71),(((38,60),(22,3)),(63,(64,(57,19))))),(27,((36,23),(7,30))))))),(((81,(99,92)),(96,78)),((79,(((75,(77,73)),(95,97)),((84,(74,90)),(80,(100,(94,89)))))),((85,(98,(83,88))),(87,((93,82),(76,91))))))))));
(49,((17,(31,25)),((58,41),(35,((45,(23,30)),(14,(((18,(42,72)),(51,(((27,44),9),(61,71)))),(((69,(39,46)),(((((59,2),(((40,12),((63,19),(68,5))),(((29,26),(43,21)),(((((52,11),(47,53)),33),(62,37)),((76,(0,87)),48))))),((65,(36,7)),((3,(67,8)),(34,(28,(13,4)))))),(15,((96,(78,92)),10))),(1,24))),((((((16,54),((73,(77,75)),(((79,((88,83),(85,98))),((97,(93,91)),95)),((94,(89,(84,(90,74)))),((100,80),82))))),(((86,81),((99,(70,50)),(56,22))),66)),(32,((38,60),(64,57)))),(55,20)),6)))))))));
(99,((84,(74,90)),(((3,(8,67)),(64,(19,57))),(((12,56),(22,(68,(59,5)))),((78,(54,24)),(((63,66),((97,(91,((82,93),95))),(((85,98),(83,88)),(87,79)))),(((50,(40,10)),86),((((15,((29,26),2)),(1,20)),((30,36),(16,(51,(43,21))))),((((14,35),(((69,6),(39,70)),((46,55),(((23,81),(32,34)),((45,7),((94,76),(17,(49,((25,31),(41,58)))))))))),(((61,(44,(9,71))),(38,60)),(((92,96),((75,(77,73)),(80,(100,89)))),48))),(((28,(13,4)),(27,0)),(((42,72),(65,18)),(33,(((11,52),(62,37)),(47,53))))))))))))));
(1,((6,69),(((((55,(((((67,(63,(57,64))),(8,61)),(60,(38,19))),22),39)),46),(((((58,41),((26,29),(49,(17,(31,25))))),(36,(((99,81),((78,76),(96,92))),((100,80),((89,(88,(98,85))),(84,((90,74),((87,79),(((97,(91,95)),(93,82)),83))))))))),((3,(((86,((18,65),(42,72))),(4,(13,28))),((((27,70),32),(0,54)),(56,94)))),(((((((23,30),(66,(51,(21,43)))),7),(71,(44,9))),(45,(48,14))),2),(35,15)))),(73,(75,77)))),((10,(((5,59),(50,40)),(12,68))),16)),(24,(20,(34,(33,(((47,((37,62),53)),52),11))))))));
(46,((55,6),((69,39),((((((29,15),(54,2)),(67,(((18,(44,(71,9))),65),22))),(((38,60),((34,(59,(5,8))),(10,(68,((50,12),40))))),(((24,86),(((1,33),(53,(11,(52,47)))),16)),((14,(17,31)),((25,(20,35)),(58,41)))))),7),((81,(75,(73,77))),(((((36,(95,0)),((57,64),(19,63))),((((93,82),(91,97)),(99,(((((92,((90,74),84)),79),96),78),(80,100)))),89)),(((87,61),((85,98),(88,83))),(26,(45,((30,43),((((37,62),(70,94)),(((49,(13,4)),((27,28),21)),(32,(72,42)))),((48,56),76))))))),(23,(66,(3,51)))))))));
(30,(15,((39,((50,(65,55)),6)),(10,(46,((61,(38,60)),(((((20,34),(((51,(21,((12,19),63))),((43,(40,(8,3))),((96,((75,(77,73)),(((((78,92),80),(90,(74,(81,84)))),((91,95),(99,(89,(87,((97,(93,82)),79)))))),100))),68))),5)),((54,86),((26,29),(7,67)))),(24,(1,16))),((66,2,57),(((44,(27,(9,71))),((42,72),(52,(((47,53),32),(33,(11,(37,62))))))),(((41,58),(((35,14),(48,45)),(((98,85),(88,83)),(49,(31,(25,17)))))),(((23,(36,0)),(((94,64),((70,(56,(28,(4,13)))),(18,76))),(22,59))),69)))))))))));
(5,((100,(70,(17,(41,(25,31))))),(((63,9),(7,(22,(6,(46,68))))),(((24,((75,73),77)),(((((((35,(56,92)),((13,4),(((84,(74,(85,((88,83),98)))),(90,95)),((82,(97,93)),(87,79))))),60),((81,59),((78,(40,12)),(48,(67,8))))),(((42,72),(65,18)),(14,28))),(((26,71),(89,(99,(76,10)))),(((58,19),((94,(57,(23,34))),(54,55))),(((47,((11,52,62),((33,53),37))),(27,61)),((32,69),((((0,96),(43,((51,21),66))),49),91)))))),(50,39,45,29,64,38,30,20))),(((44,(2,15)),(3,(16,1))),((80,36),86))))));
(44,(71,((9,(60,38)),((61,27),(((((((56,34),(86,(21,43))),((94,89),((80,(81,76)),100))),((65,(18,(72,42))),((((68,(5,59)),((37,62),((11,52),(47,53)))),(0,(32,(28,(4,13))))),((51,66),33)))),(10,(24,(50,(40,12))))),(((35,14),2),((((16,1),((30,36),(7,23))),((75,(77,73)),((84,(90,74)),(19,((((67,3),(88,(95,(97,(79,((87,(93,82)),((98,(83,85)),91))))))),(8,22)),(64,57)))))),(((58,(45,(31,(41,(17,25))))),((20,(48,49)),((69,39),((55,46),(70,6))))),(15,(54,(26,29))))))),((96,(92,(63,99))),78))))));
(44,((24,(1,16)),(((((100,80),(79,(74,(90,84)))),(2,15)),((57,(14,(46,55))),((22,(63,19)),((((20,(40,12)),(10,((68,(5,59)),50))),((((32,86),(((70,56),(27,87)),((66,(21,43)),((9,71),((13,(28,4)),(23,36)))))),(35,(60,38))),(((94,(89,(26,(3,(8,67))))),(((7,30),((95,(93,82)),((88,83),((85,98),(91,97))))),61)),((73,(77,75)),((48,(29,54)),((81,(92,(96,(78,99)))),(18,(72,(65,42))))))))),((((25,(49,31)),(58,(41,17))),((((47,(11,52)),(62,(33,(53,37)))),34),(51,76))),(0,45)))))),((6,(39,69)),64))));