(59,((5,68),(((55,46),(7,(12,(50,40)))),((48,45),(((56,(1,16)),(((17,(31,58)),(8,3)),(14,35))),(((15,((54,((((((((79,97),(((93,82),((83,88),91)),(95,(85,98)))),80),89),(94,100)),(90,(84,74))),((78,92),96)),99)),(29,(((26,(67,19)),(62,(33,(52,(53,(47,(37,11))))))),(66,(51,(43,21))))))),(((34,(22,(70,(71,32)))),((((18,(65,(72,42))),(41,(25,49))),(0,((87,63),(27,(28,(4,13)))))),(76,81))),24)),(((75,(77,73)),(10,(((39,69),(6,20)),(30,(36,23))))),(2,(9,((61,(38,60)),((64,57),(86,44))))))))))));
(77,((73,75),(((100,(10,89)),(((44,(60,38)),((84,(90,74)),((87,79),(71,(22,27))))),(95,80))),((12,(40,((48,((36,30),(34,(68,(59,5))))),((94,((98,85),(88,83))),((16,(35,50)),(91,(17,(81,76)))))))),(((((78,(99,(92,96))),15),54),((49,(14,45)),((((97,(20,46)),1),24),2))),((58,7),((((9,(29,26)),(((72,42),(65,18)),(((66,(51,21)),43),((56,(3,(32,86))),((70,0),((47,((52,62),(11,37))),(23,(67,(53,33))))))))),((4,(28,13)),(((93,(61,82)),(64,((19,57),(8,63)))),(6,(39,69))))),(55,(41,(25,31))))))))));
(57,(48,((14,(99,(70,35))),(2,(((((((((((76,(63,0)),(((25,(17,49)),31),(41,33))),(32,23)),(64,22)),94),(66,((4,(28,13)),((72,42),(65,18))))),(((7,(86,(9,(68,(5,59))))),24),((((95,((87,79),(84,(((91,(82,93)),((83,88),(98,85))),(90,74))))),(77,(73,75))),(71,44)),((96,(34,58)),(((45,(8,27)),(16,56)),(97,(78,92))))))),(1,((19,81),(((12,40),(50,10)),(3,67))))),(((26,29),(39,(69,6))),((36,30),(54,(37,(11,(52,(62,(53,47))))))))),(15,((51,(43,21)),61))),((38,60),(((80,89),(20,100)),(46,55))))))));
(64,(19,((((30,(36,23)),7),(((61,44),((60,38),(22,9))),56)),((57,14),((((((((86,(((85,(75,(73,77))),(((91,97),(83,(79,((95,87),(88,98))))),(((81,76),(89,94)),(93,82)))),(((96,99),78),92))),((((34,27),33),(63,(28,(4,13)))),17)),((66,(51,(21,43))),(45,((31,25),(58,(41,49)))))),70),((((80,(65,(18,(72,42)))),(74,(84,90))),(100,26)),((68,0),((71,(3,(67,8))),(12,((1,16),(62,(11,((37,53),(52,47)))))))))),((2,(29,(54,(15,35)))),(5,(59,48)))),(10,(40,50))),(24,((55,46),(39,(20,(32,(6,69)))))))))));
(55,(48,(((32,6),(46,(69,39))),((19,(((14,35),(((41,(17,31)),(49,(25,51))),((58,63),(43,21)))),((((72,42),(65,18)),(22,66)),61))),(((((57,(36,7)),(70,(67,(3,8)))),(38,60)),(20,((78,92,96),(((2,15),(((40,(30,50)),(((((((((85,98),(91,94)),(23,(11,(47,(((62,53),52),37))))),88),97),95),((((76,81),(27,83)),(87,(99,80))),((((93,82),84),(28,(4,13))),((74,90),(45,(56,0)))))),79),10)),((29,26),(((5,(68,59)),(12,34)),(86,54))))),(((16,1),(33,24)),((75,(77,73)),(89,100))))))),(64,(44,(71,9))))))));
(10,((50,(40,12)),(((38,60),(64,((7,(89,(96,(86,(76,(31,25)))))),(90,74)))),(((24,((99,100,80),((92,78),(((88,79),((98,85),(87,83))),((97,(82,93)),(84,91)))))),(((((68,((66,(17,(49,41))),((6,69),39))),(20,((28,(13,4)),((((23,(0,36)),30),(56,3)),(19,(65,(18,(72,42)))))))),((((((16,1),(81,(33,(43,(21,51))))),(94,(46,55))),(((53,(62,(37,((52,47),11)))),(5,59)),(70,32))),((26,29),54)),((77,73),75))),(((8,67),(63,(71,9))),(27,34))),(35,(22,58)))),(((61,(48,95)),(45,44)),(57,14,2,15))))));
(45,((35,48),(((25,(17,31)),(58,(41,49))),(((((53,11),(47,52)),(33,(62,37))),((81,56),(((42,72),(18,65)),(70,32)))),(((84,(90,74)),(86,(54,(26,29)))),((((51,(((21,43),(9,3)),(44,19))),((89,(67,8)),(64,(60,38)))),((((93,82),((97,((98,85),(88,83))),(87,((91,95),79)))),(28,(4,13))),(0,(23,22)))),((2,15),((1,16),((14,(46,((39,69),(55,6)))),(((((76,27),(77,(75,73))),63),(((57,61),((68,(59,5)),(34,71))),((30,(36,7)),(66,(96,((99,78),92)))))),((((40,80),(100,(50,12))),(10,20)),(24,94))))))))))));
(2,(((((35,((99,54),24)),((((49,41),(17,(31,(58,25)))),(20,81)),(((26,29),(5,(61,((38,60),22)))),(71,44)))),((30,(23,36)),(((((((89,((79,(87,(98,(85,(88,83))))),(97,(91,(34,82))))),((95,(94,19)),(74,(84,90)))),(80,100)),(92,(((6,(7,14)),(68,10)),(76,(93,(73,(75,77))))))),78),((1,((65,18),(42,72))),(59,16))),(12,(40,50))))),(((((28,((13,4),(27,56))),((66,(47,53)),((11,(37,62)),(33,52)))),(46,(9,(3,((51,43),21))))),((57,64),(69,39))),(45,((63,(67,8)),((96,48),((0,86),(32,70))))))),(15,55)));
(24,(((((21,43),(51,66)),((100,(80,((89,94),(92,99)))),(((((85,98),(83,88)),(82,93)),((97,91),95)),((90,(74,84)),(87,79))))),(7,(23,30))),((((38,60),(44,(71,9))),(22,61)),(((((((14,(39,35)),(20,((70,(27,((42,72),(18,65)))),(36,(8,67))))),(48,(63,56))),((((0,((1,16),(28,(4,13)))),(49,(32,(47,(33,(53,(62,(37,(11,52))))))))),(25,17)),(((69,55),(6,46)),(45,(41,58))))),(86,(15,((54,(29,26)),2)))),((57,64),(19,3))),(((50,(12,40)),((34,31),(10,(68,(5,59))))),((75,(77,73)),((78,96),(81,76))))))));
(27,((0,19),((((((25,(48,(49,(17,(31,41))))),58),(35,14)),((16,1),(66,(51,(21,43))))),20),(64,(((((12,(40,50)),10),((5,68),59)),(44,((9,71),(60,38)))),((((((57,24),(56,((63,(67,8)),(86,(89,((95,(84,90)),(80,100))))))),(((((76,70),((65,(42,(18,72))),34)),(54,(26,29))),(28,(4,13))),(((62,37),(11,(53,47))),(52,33)))),(((((((91,((85,98),(83,88))),((93,82),(87,79))),97),(74,22)),(7,(30,(23,36)))),(61,(6,(55,((39,69),46))))),2)),(32,((((94,3),((78,92),(99,(96,81)))),((77,73),75)),15))),45))))));
(61,((67,8),(((3,((22,27),51)),((13,(28,4)),(32,((42,(65,18)),72)))),((66,(21,43)),((((((9,((38,60),24)),44),71),((((((48,(17,(49,41))),(86,58)),((33,((62,37),(47,((11,52),53)))),(0,((31,25),(76,81))))),(((((39,69),(55,(14,(35,45)))),(6,(46,20))),70),(((29,26),(54,15)),2))),(1,16)),(94,(((92,99),96),78)))),(((((68,34),((10,(50,(40,12))),((59,5),56))),(7,(36,(30,23)))),(64,(57,(19,63)))),(89,(80,100)))),((90,((77,(75,73)),((93,((91,97),(95,((85,(98,(83,88))),(79,87))))),82))),(74,84)))))));
(21,(43,((19,58),((((72,42),(76,28)),((56,(33,((37,62),52))),(18,65))),((80,34),(((((((87,(79,(47,(11,53)))),(88,83)),(85,98)),(((13,4),54),(22,((95,27),61)))),(((29,(99,(48,49))),((60,38),78)),((((32,(81,(17,(93,82)))),(36,((12,(50,40)),(25,31)))),(((84,74,90,45),23),((35,20),(7,(68,(73,77,75)))))),(0,((57,64),63))))),(100,89,94,97,91,92,96,8,86,41,14,55,46,69,6,30,10,51,15,2,26,24,1,16)),((66,67),(39,((((71,70),((3,59),5)),9),44)))))))));
(46,(55,(69,((6,39),(14,(35,((45,20),(24,((((15,(2,(54,(26,29)))),((86,27),(((((76,81),(59,(66,(51,(21,43))))),(36,(23,30))),(((89,80),(100,94)),56)),((((53,(47,11)),(0,(3,(8,67)))),(28,(13,4))),((((33,(37,(52,62))),(79,(87,(88,(83,(98,85)))))),70),(9,(34,(63,((18,65),(42,72)))))))))),(40,(50,12))),(((10,(58,((75,(73,77)),(84,(90,74))))),((((48,32),((61,(38,60)),(64,57))),(7,(((19,71),22),44))),(((31,25),49),(17,41)))),(((96,(16,1)),((91,(97,(95,(93,82)))),(92,78))),(99,(68,5)))))))))))));
(70,((41,49),(48,(((45,24),58),((20,14),(((39,(6,35)),(69,(46,55))),((((((((((((83,88),(93,82)),87),(84,(74,90))),91),(((95,97),(79,(85,98))),((100,80),(89,94)))),((60,38),22)),(36,(30,7))),((54,((72,42),(51,(66,(21,43))))),(56,(31,(25,17))))),((((77,(73,75)),(78,92)),(96,99)),((86,((3,(8,67)),(33,(11,((52,(53,47)),(37,62)))))),40))),((34,68),10)),(((12,23),((5,59),(16,1))),((50,(2,((26,29),15))),(((65,18),(((28,(13,4)),32),(76,81))),(((57,(((63,0),19),64)),(71,(44,9))),(61,27))))))))))));
(99,((92,96),((59,(71,(2,15))),(10,(((((44,(16,1)),((22,61),9)),(((81,(77,(73,75))),(89,78)),(((20,((25,(6,(39,69))),((((19,64),(67,3)),8),57))),((((((((33,86),36),(((27,76),0),32)),(((62,52),(((47,53),37),11)),((28,(13,4)),(23,63)))),((17,(31,(49,41))),((56,((94,((100,80),(88,(((97,((91,84),(82,93))),(79,87)),(74,90))))),(95,(83,(85,98))))),(18,(65,(42,72)))))),(14,((35,58),45))),(66,(51,(21,43)))),((68,5),48))),(70,(29,(26,54)))))),((7,(50,(40,12))),((38,60),34))),((24,30),(55,46)))))));
(35,(((((26,(25,(31,17))),((13,(4,20)),((40,(12,50)),(56,(28,23))))),((((1,16),((53,47),(99,((43,21,66),51)))),((((89,90,74,84,100,75,73,77),(94,(80,(79,87)))),81),(((91,(88,83)),((98,85),((93,97),(95,82)))),76))),(0,(((19,63),((8,67),64)),(70,34))))),((57,44,14,45,7,78,92,10,2,15,54,58,32,39,69,6,55,46,52,62,37,11),(((((22,(71,9)),(61,27)),96),(29,(30,(86,36)))),(((38,60),3),((68,(5,59)),((49,41),(48,((42,72),(65,18))))))))),(33,24)));
(32,(69,6,39,46,(55,((16,25),((92,99,27,61,23,94,89,75,76,81,10,50,34,5,59,68,31,41,49,35),((((96,(30,(((9,71),44),(97,(79,87))))),(53,((2,15,29),26))),(((((65,18),(43,((36,66,57,3,60,38,22,64,67,8,21,51),((72,42),(63,19))))),20),(((78,(17,58)),((33,(70,48)),(4,13))),((80,100),((28,0),(54,45))))),(((84,91,93,82),95),((47,1),((88,83,98,85),(14,(12,40))))))),((24,(74,90)),(56,((86,((62,11,52),37)),(7,(77,73)))))))))));
(24,(((75,(73,77)),((((((98,85),(83,88)),(79,(91,97))),((93,82),95)),(84,(74,90))),(87,(100,80)))),(((89,((58,(((38,60),(57,44)),(19,(71,9)))),(61,3))),(36,((1,16),(64,35)))),(((((((46,(27,(94,0))),((26,29),((15,2),54))),((34,((7,20),((22,(17,(41,(25,31)))),(59,(5,68))))),(49,(63,28)))),(14,(55,((18,(65,(42,72))),(81,76))))),((6,(39,((((((32,23),((8,67),(13,4))),86),56),69),70))),(10,(12,(40,50))))),(45,(66,(51,(43,21))))),(30,(((53,33),(96,(99,(78,92)))),(((47,(52,11)),(62,37)),48)))))));
(30,(((63,(70,19)),57),((((46,10),(61,64)),(55,((((50,40),34),((((16,(((71,0),89),(((27,(42,72)),((12,76),23)),((56,(94,((4,13),(28,36)))),81)))),1),((((8,(67,3)),(68,(5,59))),(66,(51,(43,21)))),7)),20)),((33,(62,37)),((47,53),(11,52)))))),(((((29,26),(2,15)),((17,(49,41)),((38,60),(9,44)))),((39,(69,32)),(6,54))),((86,((58,(25,31)),(35,48))),((45,(((((96,(((82,93),(91,(98,85))),((95,(88,83)),((79,87),(84,97))))),92),((65,18),(14,(99,80)))),78),(100,(74,90)))),((77,(73,75)),(22,24))))))));
(30,((1,16),(63,((((((15,(86,70)),22),((33,((37,62),(11,((53,47),52)))),(56,((76,(96,81)),(78,((99,(73,(77,75))),92)))))),57),((((3,(36,(28,(13,4)))),(0,((23,39),((35,(49,(17,(25,31)))),(14,48))))),(64,((68,(5,59)),(((95,(((88,(83,(98,85))),((87,90),74)),(84,((97,(82,93)),91)))),79),(((44,(9,71)),(34,19)),(54,((72,42),(65,18)))))))),((50,(10,((29,26),(51,2)))),7))),(((38,60),(24,(40,12))),((((100,(89,80)),94),((((6,(58,41)),(55,46)),69),(67,45))),((27,61),((8,(66,(43,21))),(32,20)))))))));
(33,(((66,48),(36,(99,(43,(21,51))))),((7,((92,(75,(73,77))),(20,((55,((69,39),(70,(46,32)))),6)))),((((30,((9,71),((60,38),44))),((35,((0,76),((37,((47,53),(52,(62,11)))),81))),(((((58,(64,(57,63))),((49,41),(61,(27,22)))),((((3,(8,67)),(25,17)),19),(34,(68,(5,59))))),(45,14)),((28,(4,13)),((23,31),((72,42),(18,65))))))),((10,78,96,2,24),(((54,(26,29)),(12,((56,40),50))),(16,1)))),((15,86),((89,((90,74),((95,((87,79),(82,(97,(93,91))))),(84,(94,(83,(88,(85,98)))))))),(100,80)))))));
(75,((73,77),(((84,(74,90)),(85,98)),((92,(99,(96,(78,(91,95))))),((24,(1,16)),(((68,((((34,(27,((47,(11,(62,37))),(53,(52,33))))),58),(18,(65,(42,72)))),((15,45),(54,(29,26))))),(2,(61,((9,(44,71)),(60,38))))),((((22,66),((((28,(13,4)),48),((59,5),(32,76))),((19,14),((8,67),(35,63))))),(46,55)),((64,((((51,(43,21)),((89,((79,87),((82,(97,93)),(83,88)))),((100,80),94))),(40,((((36,23),30),56),((20,(39,(6,69))),((50,12),7))))),(3,(57,10)))),((81,(70,0)),((25,((31,17),(41,49))),86))))))))));
(55,(46,(((((6,69),(((96,((84,(74,90)),(92,86))),78),(((85,98),(88,83)),32))),((59,(41,49)),((34,87),5))),(58,(((51,66),0),(((56,48),22),(((63,94),((1,16),23)),(((80,81),((89,100),((((93,82),91),97),(79,95)))),(75,(77,73)))))))),(24,((((45,14),((20,(10,((31,25),(17,76)))),(15,((26,29),2)))),((((8,19),(64,57)),(38,60)),(61,68))),(((39,54),(3,67)),(30,((((36,(65,(18,(72,42)))),((43,21),((70,(13,(28,4))),(33,27)))),(((((11,52),(37,62)),47),53),(44,9))),(((12,40),(35,(71,99))),(7,50))))))))));
(70,(6,(((55,39,69),46),(16,((((((((96,100),(99,78)),((((95,(88,(83,(85,98)))),(97,(79,(93,(87,82))))),91),((90,74),84))),((62,(33,((47,37),(53,(52,11))))),92)),48),(32,(4,13))),(7,((76,(81,((73,77),75))),((89,94),(80,86))))),((((1,30,45,10,50,2,15,54),(36,(35,14))),((68,((42,72),(65,18))),((34,((25,31),(17,(49,41)))),(24,56)))),((((58,(40,12)),(29,(20,26))),((0,(23,28)),(59,5))),((51,(66,(43,21))),(63,(((19,(60,38)),(((27,61),(9,(44,71))),57)),(64,(22,(3,(67,8))))))))))))));
(60,(38,((45,((31,25),35)),((((((((10,56),(36,50)),(54,(26,29))),((28,(40,(43,21))),(12,76))),(20,(68,(59,5)))),58),(((63,(((69,39),(55,46)),((99,(71,81)),(19,(49,41))))),(57,((78,92),(96,(16,1))))),(64,6))),(((24,14),((((((3,(51,17)),((18,65),(61,(22,27)))),66),44),((((42,72),(8,67)),((((((((73,(75,77)),89),(80,(84,(90,74)))),(100,(((34,(82,93)),(((87,94),((32,(47,(53,((52,11),(62,37))))),(23,0))),91)),79))),(97,95)),(98,85)),33),((4,13),(70,86)))),9)),((15,2),(7,(48,(88,83)))))),30)))));
(86,(51,(10,(((((65,(18,(66,(1,16)))),(12,59)),(30,((14,(35,45)),(58,(41,(17,(25,31))))))),((((56,((44,9),((73,77),((78,92),(96,99))))),7),((21,22),((0,71),(32,((28,4),13))))),((((60,38),(((15,29,2),(54,26)),6)),((52,(53,(33,((62,37),(47,11))))),69)),(((61,((94,63),91)),((((88,(79,((((95,(81,(75,(82,93)))),83),(89,97)),(43,(23,87))))),(85,98)),(46,55)),(((8,67),3),(48,(84,(74,90)))))),(((68,((((42,72),34),(49,70)),((19,(64,57)),76))),(40,5)),(36,27)))))),(100,80,50,20,39,24)))));
(77,(73,(75,((6,(39,69)),((((80,(((97,(91,87)),79),(93,((88,(83,(98,85))),(95,82))))),(100,48)),89),(((((74,(90,84)),((71,(44,9)),((27,((72,42),(65,18))),(61,22)))),(99,(96,(92,78)))),(15,((26,(29,54)),2))),((((((41,10),(7,45)),((81,(64,(19,63))),(38,60))),(20,(46,55))),(14,24)),((((30,(36,23)),((((8,67),57),(68,(5,(59,34)))),(58,(1,16)))),35),((((3,56),(49,(66,(51,(43,21))))),((70,(28,(13,4))),((76,(0,32)),(17,(94,(33,(52,(((62,37),(47,53)),11)))))))),(86,((31,25),(50,(40,12)))))))))))));
(16,(1,(((7,((39,69),6)),(((74,(84,90)),(97,(91,(82,93)))),(((94,89),((79,(87,95)),((98,85),(83,88)))),(100,80)))),((((40,(28,(30,23))),((((60,38),(66,(43,21))),((((34,(70,86)),51),(36,(((0,(32,76)),56),(81,((4,13),(25,(31,17))))))),(64,9))),(55,46))),(((59,5),(8,(3,67))),((((77,73),75),(15,(20,(54,(26,29))))),(68,(((45,33),(((58,(41,49)),48),(14,35))),(63,(((11,((52,62),37)),(53,47)),(19,22)))))))),(((((44,71),((42,72),(65,18))),((61,27),(((96,(99,78)),92),50))),((2,24),(12,57))),10)))));
(50,(40,(10,(((((8,67),((82,(((83,(98,85)),(97,91)),(32,94))),(87,(79,88)))),((29,26),(95,(86,(84,(90,74)))))),((46,((55,(39,6)),69)),(1,16))),((((23,(34,(66,(51,(43,21))))),(38,60)),((20,((9,(44,71)),(((28,(93,0)),(5,59)),(((56,(76,81)),(13,4)),((72,42),(65,18)))))),54)),(((((15,(61,22)),68),(24,(12,64))),((57,(3,((47,53),(33,(37,(62,(52,11))))))),(((75,(73,77)),(80,(89,100))),((78,92),(99,96))))),(2,(30,((36,((((70,63),19),48),((27,35),((31,(17,25)),((45,(58,(49,41))),14))))),7)))))))));
(58,((17,31),((((59,81),(0,5)),(68,24)),((15,(54,(26,29))),(((((44,(60,38)),35),((((86,(16,1)),((48,(25,(49,41))),(((19,(64,63)),(57,3)),34))),((27,(52,(33,(11,((47,53),(37,62)))))),(8,67))),10)),((((66,(36,30)),(46,(55,(70,(43,21))))),(7,14)),((61,22),((28,(4,13)),((39,(6,(23,76))),((20,69),(78,(92,((96,(89,94)),((100,80),(99,((((74,90),84),((93,(95,(91,97))),(82,(79,87)))),((98,85),(88,83)))))))))))))),(((45,((73,77),75)),(56,(((71,9),(32,((65,18),(72,42)))),(50,(40,(51,12)))))),2))))));
(94,((76,(81,(89,(75,(73,77))))),((2,69),((1,(16,(92,(78,(96,99))))),(((58,(67,8)),(44,9)),(((((((36,(68,(59,5))),((7,(50,34)),(64,(57,19)))),(3,(40,12))),((((32,63),(56,(((21,(51,43)),66),22))),((54,(29,26)),(((0,(((65,18),72),42)),((28,(13,4)),(27,33))),(((37,11),(47,62)),(53,52))))),10)),((46,55),((35,(((49,17),41),48)),45))),(39,(((6,15),14),(61,(38,60))))),(24,(((25,31),(23,71)),((30,(20,70)),(((90,84),((97,((91,(93,82)),(83,(98,85)))),(87,88))),(80,(100,(79,(74,(95,86)))))))))))))));
(35,(60,(((36,7),(23,30)),(((55,(((69,39),(32,6)),46)),(((9,44),(71,22)),(19,63))),(((15,86),45),(((((24,(59,5)),(38,20,2)),((((16,1),((((34,((65,18),(42,72))),(82,93)),(56,((52,(62,37)),(11,(47,53))))),0)),(((((84,(74,90)),(76,81)),(95,(85,98))),((97,91),(((83,88),(96,((73,(77,75)),(92,78)))),99))),(33,68))),((12,(40,50,10)),((70,28),((3,(8,67)),(57,64)))))),((((49,(25,(41,(17,31)))),(80,(100,(94,89)))),((29,26),(87,79))),((51,43),((27,(66,21)),(58,48))))),((14,(61,(4,13))),54)))))));
(68,((5,59),((((((69,((6,((70,(56,(76,81))),(27,36))),39)),(55,46)),(20,66)),(40,10)),((50,12),(24,(16,1)))),(30,((((((89,(73,77)),35),(((38,(44,45)),(((17,(49,41)),(28,(4,13))),(((0,((71,9),(((72,42),(18,65)),34))),(86,(25,31))),(((47,(52,11)),(53,(37,62))),(33,32))))),(((80,100),(95,(84,(90,74)))),(14,48)))),((((21,(43,51)),(96,(99,(92,78)))),(75,(67,3))),(((23,(64,(57,63))),(19,8)),(94,((97,((98,85),(83,88))),((91,(93,82)),(79,87))))))),(7,(2,(15,(54,(26,29)))))),(58,(61,(22,60))))))));
(33,(((52,((62,53),47)),(37,11)),((1,16),(((((63,17),((45,(35,14)),(41,(49,58)))),(((31,25),(0,(28,(4,13)))),(34,(94,70)))),((((6,(55,((46,(69,5)),(20,39)))),(10,(12,(48,50)))),((60,38),(((3,(8,67)),((21,43),(19,40))),(24,(51,66))))),(((78,92),(((90,74),((((95,(83,88)),((91,82),(84,(85,98)))),(93,97)),(87,79))),(89,(99,(96,(73,(77,75))))))),((15,(54,(26,29))),(2,68))))),(7,((((59,32),(36,(30,23))),(44,((64,(57,71)),(((61,27),22),9)))),(((86,(76,81)),(80,100)),(56,((42,72),(18,65))))))))));
(21,(7,(((((95,(((((98,(85,83)),(91,(82,93))),((76,88),(87,79))),(84,(74,90))),97)),(34,(75,(77,73)))),((86,54),((((((50,12),6),((39,(10,56)),((20,55),46))),(40,(69,32))),(1,16)),((53,47),(62,37))))),((((14,(45,35)),64),(((26,29),15),(96,(92,(99,(78,81)))))),(24,2))),((94,(100,(80,89))),((((61,(22,(57,((63,19),(3,(67,8)))))),27),(38,60)),((((((70,(33,(11,52))),(68,(0,(28,(4,13))))),(59,5)),(9,44)),(((71,(43,(18,(65,(42,72))))),23),((25,17),((58,48),(31,(41,49)))))),((36,30),(66,51))))))));
(35,(14,((5,(59,68)),((2,15,44),((((((55,46),((((((19,(64,(57,(8,3)))),((13,(28,4)),0)),87),((1,16),(61,(67,63)))),(((99,6),(39,73,77)),((96,60),((78,92),75)))),(69,((94,(83,((((95,((97,91),(93,(84,82)))),(((74,90),(79,88)),(98,85))),89),(80,100)))),22)))),(24,(86,34))),((71,9),(38,(29,26)))),(((54,(18,((65,42),72))),((58,((49,41),(48,(17,(31,25))))),((52,11,62),37))),(20,10))),((45,(((81,(36,76)),(32,70)),((27,((33,(47,53)),(56,(51,((66,21),43))))),7))),((40,(50,12)),(30,23))))))));
(17,(45,((75,73),((((46,10,64,15),(77,((6,58),(39,(69,70))))),((((30,((12,(3,68)),((94,(41,((31,(49,(7,(18,26)))),25))),29))),66),(((86,(24,(81,14))),((38,60),(((((48,(65,(42,72))),(59,5)),(35,(33,((11,(52,((47,53),(62,37)))),(((67,8),19),(43,(51,21))))))),22),((27,((23,36),(28,(4,13)))),61)))),((0,99),((((100,89),78),((90,(84,74)),(((79,95),((91,(97,(82,93))),(83,(88,(98,85))))),((34,(87,76)),63)))),((92,80),96))))),2)),(57,((50,(40,(55,20))),((16,1),(54,(56,((71,(44,9)),32))))))))));
(18,((65,(72,42)),(69,((76,(1,16)),((6,((47,((37,62,53,52),11)),(34,(68,(5,59))))),(((89,(50,(40,12))),((((7,(54,(26,29))),((15,0),2)),(30,(36,23))),((35,(14,45)),(58,((48,41),(31,25)))))),((((((61,27),(66,(70,(17,49)))),((43,(21,51)),(((3,(8,67)),(71,(64,(57,(19,63))))),(44,(38,60))))),46),((22,(94,24)),(((((83,(88,(98,85))),(79,(91,(97,95)))),((90,(74,84)),(((96,92),(86,(81,(73,(75,77))))),(99,100)))),(78,80)),(87,((9,(56,32)),((28,(13,4)),((93,82),33))))))),(10,20,55,39))))))));
(89,(23,(((7,((64,(1,16)),(31,(9,(44,71))))),((2,(60,(94,38))),((24,14,35,10,66,30),((((21,43),((49,41),(57,(3,(19,63))))),((86,36),(59,(22,61)))),((((28,(4,13)),((45,58),(17,25,48))),56),(((80,100),((((84,(74,90)),((97,(88,(83,(85,98)))),(81,95))),(92,((96,78),(99,(75,(73,77)))))),(((82,93),87),(91,79)))),(50,(((((72,42),(27,0)),(5,(33,68))),(((67,8),51),(65,18))),(((70,39),((46,69),(55,6))),(20,32)))))))))),(((54,34),40),(((11,((47,53),((37,62),52))),(15,(26,29))),(76,12))))));
(10,(6,(50,(55,((((40,12),(80,100)),46),((61,(((24,((((36,(72,42)),((84,(87,(28,(13,4)))),((((82,93),((85,98),(83,88))),(91,(90,74))),(79,(97,95))))),(71,(66,(43,(51,21))))),(86,23))),(((((48,(17,(41,(25,31)))),(60,38)),(14,(20,(((89,35),(69,(58,16))),27)))),((((((9,94),(0,30)),(77,(75,73))),((8,67),(56,(((53,(47,33)),(11,(52,(37,62)))),(32,76))))),((((18,65),81),((39,(78,(99,96))),(92,(34,1)))),(49,3))),(68,(70,(5,59))))),(22,44))),7)),(((54,(29,26)),(15,((2,63),(45,(64,57))))),19)))))));
(14,((35,50),((58,(17,(25,31))),((45,(6,((((32,69),(46,70)),39),55))),((48,(49,41)),(((((27,63),(28,34)),(56,(((((11,33),52),37),62),(53,47)))),(24,(1,16))),((75,(73,77)),((((0,(4,13)),(86,(65,(18,(72,42))))),(30,23)),(((22,(60,38)),((36,(68,(59,5))),(7,20))),(((((3,(8,67)),(66,(51,(21,43)))),((76,81),(100,(80,(96,(99,(92,78))))))),(((40,12),((2,15),((29,26),54))),10)),(((44,(9,71)),(61,(64,(57,19)))),((89,94),((74,90),(91,(84,(((87,97),(95,(93,82))),(79,((85,98),(83,88)))))))))))))))))));
(55,(46,(((22,(45,(((73,(77,75)),((94,89),((((79,((95,(84,(90,74))),(87,(97,(91,(82,93)))))),(88,83)),((85,98),(81,70))),(80,100)))),(92,(96,(78,99)))))),(((68,(5,59)),(3,48)),(((18,65),(8,67)),(41,49)))),((((57,(19,63)),(9,66)),(((30,(7,(36,23))),(16,1)),(10,(50,(40,12))))),((35,14),((((((29,26),(64,(31,(25,17)))),((20,54),((34,58),((33,(52,(((11,53),47),(62,37)))),(((0,(42,72)),(76,(56,27))),((51,(21,43)),(28,(13,4)))))))),2),(((61,(60,38)),(24,(71,44))),(((69,39),32),(86,6)))),15))))));
(4,(13,((96,(92,99)),(((((((2,(10,(((34,12),(68,(59,5))),(50,40)))),(((38,60),(44,(9,71))),(54,(26,29)))),(((((61,(27,22)),28),(57,((64,(8,67)),((19,63),3)))),(15,((((1,16),(56,((62,(11,(37,52))),(33,(53,47))))),(24,((42,72),(65,18)))),70))),(((41,(32,49)),((35,14,45,58),((17,(25,31)),((6,(69,39)),48)))),20))),((21,43),(66,51))),((81,((77,(75,76)),73)),(94,(100,89)))),((30,(36,23)),(55,46))),(((86,7),(((84,(87,((83,95),(((91,97),(88,(98,85))),(90,((82,93),74)))))),(79,80)),78)),0)))));
(10,(((((((72,42),((76,(77,73)),(81,75))),((18,65),(51,(66,(21,43))))),((7,(8,(67,3))),(34,(5,(68,59))))),(((((15,(30,36)),24),(86,(45,((17,(((25,(31,49)),41),58)),48)))),(((94,89),(100,80)),20)),(((((6,32),70),((46,55),(39,69))),((56,(1,16)),((97,(((82,93),91),((85,98),(33,((53,47),(11,(52,(62,37)))))))),(((84,(90,74)),(96,(92,87))),(78,(99,(95,(79,(83,88))))))))),(23,(((57,(64,19)),((60,38),(22,(27,61)))),((44,(71,9)),(0,((28,(4,13)),63)))))))),(14,((54,29),((40,12),(26,50))))),(35,2)));
(73,(77,(75,(((78,92),96),((((((87,(68,0)),(((((59,5),(64,9)),((65,18),(8,(67,3)))),(((((17,(35,(82,71))),(34,(4,13))),(((56,(1,16)),((((45,((((49,41),(25,31)),48),58)),(40,12)),(10,14)),50)),(66,(51,(43,21))))),((55,39,60,38,44),(24,(57,(63,19))))),((6,(86,69)),((26,(((2,29),54),15)),(20,46))))),(23,(7,(36,30))))),(((42,72),(70,27)),((28,32),(33,((53,((52,(37,62)),11)),47))))),(93,22)),((((61,((88,83),(85,98))),79),(89,(94,(99,(84,(90,74)))))),((97,(95,(91,76))),81))),(80,100))))));
(45,(((48,((61,58),20)),((49,(25,41)),(17,31))),((14,35),(((((((40,(10,50)),(12,(59,68))),((62,((11,37),(52,(53,47)))),((57,19),(63,64)))),((66,(51,(21,43))),((46,55),((39,69),6)))),((((((23,((56,33),(87,76))),(79,(88,83))),(81,94)),(8,(3,67))),(((97,(91,(82,93))),24),(16,1))),(89,(84,(90,74))))),(((30,(((98,85),(95,80)),100)),(((92,96),(78,99)),(77,(73,75)))),((38,60),((54,29),(26,(2,15)))))),((((18,(65,(42,72))),((71,9),36)),((27,44),22)),(((((28,(13,4)),(0,32)),70),7),((34,5),86)))))));
(24,((45,(20,(46,(55,6)))),((19,(57,(64,63))),(((((41,49),(58,(17,(25,31)))),((14,(74,90)),((2,(54,(29,26))),15))),(((56,(40,(16,1))),((39,(12,81)),(10,(5,59)))),(7,(23,30)))),(((((69,(((44,38),((22,9),(61,71))),60)),68),(50,(35,86))),(32,((3,(67,8)),((28,(13,4)),70)))),(((0,(((37,(62,11)),((52,(53,47)),33)),34)),((36,48),(92,((((27,76),(78,(99,96))),((80,(100,(87,(79,((97,(91,((88,83),(93,(85,98))))),(82,95)))))),((84,94),89))),(75,(77,73)))))),((51,(43,21)),(66,(18,(65,(42,72)))))))))));
(68,(59,((38,60),((2,15),(((((92,(78,99)),((90,74),(84,40))),(45,56)),(14,10)),((((8,67),(57,(64,44))),((61,(3,(89,(80,100)))),24)),((((39,69),6),(55,46)),(29,(26,((66,(16,1)),((30,(23,(36,0))),((35,27),((((((34,96),(((58,86),7),(19,(71,((31,9),((49,5),(((21,(51,43)),28),(((((85,98),(83,88)),91),((97,((93,82),(79,87))),95)),22)))))))),(52,(65,(42,72)))),(48,((54,63),81))),((((94,(70,20)),(32,50)),(33,(53,((37,47),(11,62))))),(12,((41,(17,25)),76)))),((75,(77,73)),(18,(4,13))))))))))))))));
(94,(((91,(79,(75,(77,73)))),80),((38,60),((((78,89),((((70,0),((18,65),(54,(((37,62),(11,(52,(47,53)))),81)))),((56,((97,(95,((74,90),(84,(82,93))))),((98,85),(83,88)))),((8,67),17))),(100,(68,((59,5),(28,(4,13))))))),(92,(99,96))),(24,((22,(((15,2),(29,26)),((45,(35,14)),(12,(10,((46,55),(6,(39,69)))))))),((7,(30,36)),(((16,1),((9,63),(64,57))),(((((87,33),(71,44)),(((49,(41,(25,31))),(48,58)),(19,40))),((20,(66,(51,(21,43)))),(34,(32,76)))),(((86,(72,42)),(3,(50,23))),(27,61)))))))))));
(36,(23,(34,((48,(62,(37,11))),((99,((72,42),(65,18))),(35,((14,(57,64)),(((((77,(75,73)),(96,78)),((41,(17,(25,31))),(45,((((((79,((98,85),(88,83))),97),(90,((95,91),89))),(76,(93,82))),81),((56,86),(19,(49,(3,(67,8))))))))),(((10,30),92),(((((32,(0,(33,(47,(53,52))))),(70,(((66,(51,43)),21),(28,(4,13))))),((22,(44,(61,(27,(9,71))))),((2,(54,15)),(24,((20,16),1))))),((68,(5,59)),((((6,39),69),46),55))),((38,((12,(40,50)),60)),((26,29),((80,100),(94,(74,84)))))))),((87,7),(58,63))))))))));
