1
87
1 16 24 10 12 40 50 34 5 59 68 100 80 89 94 74 90 84 79 87 83 88 85 98 82 93 91 97 95 11 37 62 52 47 53 33 13 4 28 18 65 42 72 14 35 45 17 25 31 41 49 58 48 15 2 26 29 54 19 63 57 64 3 67 8 20 39 69 6 46 55 32 70 21 43 51 66 76 81 22 27 61 38 60 44 71 9 86 23 36 30 7 73 77 75 78 92 96 99
1 16 24
1 16
10 12 40 50 34 5 59 68
10 12 40 50
12 40 50
12 40
34 5 59 68
5 59 68
5 59
100 80 89 94 74 90 84 79 87 83 88 85 98 82 93 91 97 95
100 80 89 94
100 80
89 94
74 90 84 79 87 83 88 85 98 82 93 91 97 95
74 90 84
74 90
79 87 83 88 85 98 82 93 91 97 95
79 87 83 88 85 98
79 87
83 88 85 98
83 88
85 98
82 93 91 97 95
82 93 91 97
82 93
91 97
11 37 62 52 47 53 33
11 37 62 52 47 53
11 37 62 52
11 37 62
37 62
47 53
13 4 28 18 65 42 72
13 4 28
13 4
18 65 42 72
18 65
42 72
14 35 45 17 25 31 41 49 58 48
14 35 45
14 35
17 25 31 41 49 58 48
17 25 31 41 49 58
17 25 31 41 49
17 25 31
25 31
41 49
15 2 26 29 54
15 2
26 29 54
26 29
19 63 57 64 3 67 8
19 63 57 64
19 63
57 64
3 67 8
67 8
20 39 69 6 46 55 32 70
20 39 69 6 46 55
39 69 6 46 55
39 69 6
39 69
46 55
32 70
21 43 51 66 76 81
21 43 51 66
21 43 51
21 43
76 81
22 27 61 38 60 44 71 9 86
22 27 61 38 60 44 71 9
22 27 61
27 61
38 60 44 71 9
38 60
44 71 9
71 9
23 36 30 7
23 36 30
23 36
73 77 75 78 92 96 99
73 77 75
73 77
78 92 96 99
78 92 96
78 92
